0.000000 1.000000
0.050000 1.104849
0.100000 1.220082
0.150000 1.346327
0.200000 1.484161
0.250000 1.634083
0.300000 1.796494
0.350000 1.971664
0.400000 2.159706
0.450000 2.360544
0.500000 2.573883
0.550000 2.799178
0.600000 3.035614
0.650000 3.282077
0.700000 3.537140
0.750000 3.799058
0.800000 4.065764
0.850000 4.334884
0.900000 4.603754
0.950000 4.869459
1.000000 5.128880
1.050000 5.378748
1.100000 5.615714
1.150000 5.836429
1.200000 6.037621
1.250000 6.216191
1.300000 6.369288
1.350000 6.494401
1.400000 6.589431
1.450000 6.652755
1.500000 6.683278
1.550000 6.680470
1.600000 6.644379
1.649999 6.575633
1.699999 6.475418
1.749999 6.345441
1.799999 6.187875
1.849999 6.005295
1.899999 5.800598
1.949999 5.576919
1.999999 5.337548
2.049999 5.085841
2.099999 4.825138
2.149999 4.558687
2.199999 4.289578
2.249999 4.020686
2.299999 3.754627
2.349999 3.493725
2.399999 3.239995
2.449999 2.995127
2.499999 2.760495
2.549999 2.537160
2.599999 2.325892
2.649999 2.127191
2.699999 1.941314
2.749999 1.768301
2.799999 1.608013
2.849998 1.460154
2.899998 1.324306
2.949998 1.199954
2.999998 1.086512
3.049998 0.983345
3.099998 0.889789
3.149998 0.805168
3.199998 0.728807
3.249998 0.660045
3.299998 0.598242
3.349998 0.542787
3.399998 0.493102
3.449998 0.448645
3.499998 0.408913
3.549998 0.373440
3.599998 0.341800
3.649998 0.313603
3.699998 0.288495
3.749998 0.266156
3.799998 0.246300
3.849998 0.228667
3.899997 0.213028
3.949997 0.199177
3.999997 0.186932
4.049997 0.176134
4.099998 0.166639
4.149998 0.158324
4.199998 0.151081
4.249998 0.144816
4.299998 0.139448
4.349998 0.134908
4.399999 0.131138
4.449999 0.128090
4.499999 0.125727
4.549999 0.124017
4.599999 0.122939
4.650000 0.122480
4.700000 0.122635
4.750000 0.123404
4.800000 0.124799
4.850000 0.126836
4.900001 0.129540
4.950001 0.132947
5.000001 0.137098
5.050001 0.142048
5.100001 0.147860
5.150002 0.154607
5.200002 0.162378
5.250002 0.171274
5.300002 0.181410
5.350002 0.192919
5.400002 0.205952
5.450003 0.220681
5.500003 0.237298
5.550003 0.256023
5.600003 0.277097
5.650003 0.300795
5.700004 0.327419
5.750004 0.357307
5.800004 0.390830
5.850004 0.428395
5.900004 0.470450
5.950005 0.517479
6.000005 0.570004
6.050005 0.628587
6.100005 0.693822
6.150005 0.766336
6.200006 0.846780
6.250006 0.935824
6.300006 1.034144
6.350006 1.142413
6.400006 1.261281
6.450006 1.391363
6.500007 1.533211
6.550007 1.687294
6.600007 1.853973
6.650007 2.033468
6.700007 2.225831
6.750008 2.430917
6.800008 2.648350
6.850008 2.877496
6.900008 3.117442
6.950008 3.366969
7.000009 3.624546
7.050009 3.888318
7.100009 4.156112
7.150009 4.425454
7.200009 4.693592
7.250010 4.957536
7.300010 5.214109
7.350010 5.460007
7.400010 5.691873
7.450010 5.906373
7.500010 6.100285
7.550011 6.270583
7.600011 6.414522
7.650011 6.529721
7.700011 6.614235
7.750011 6.666615
7.800012 6.685951
7.850012 6.671907
7.900012 6.624729
7.950012 6.545234
8.000012 6.434789
8.050013 6.295265
8.100013 6.128978
8.150013 5.938620
8.200013 5.727178
8.250013 5.497849
8.300014 5.253955
8.350014 4.998854
8.400014 4.735865
8.450014 4.468188
8.500014 4.198847
8.550014 3.930634
8.600015 3.666070
8.650015 3.407378
8.700015 3.156461
8.750015 2.914905
8.800015 2.683975
8.850016 2.464633
8.900016 2.257555
8.950016 2.063156
9.000016 1.881616
9.050016 1.712913
9.100017 1.556851
9.150017 1.413089
9.200017 1.281174
9.250017 1.160565
9.300017 1.050655
9.350018 0.950800
9.400018 0.860328
9.450018 0.778564
9.500018 0.704835
9.550018 0.638486
9.600019 0.578888
9.650019 0.525439
9.700019 0.477573
9.750019 0.434762
9.800019 0.396514
9.850019 0.362377
9.900020 0.331938
9.950020 0.304819
10.000020 0.280677
