-10.000000 -inf
-9.990000 -inf
-9.980000 -inf
-9.969999 -inf
-9.959999 -inf
-9.949999 -inf
-9.939999 -inf
-9.929998 -inf
-9.919998 -inf
-9.909998 -inf
-9.899998 -inf
-9.889997 -inf
-9.879997 -inf
-9.869997 -inf
-9.859997 -inf
-9.849997 -inf
-9.839996 -inf
-9.829996 -inf
-9.819996 -inf
-9.809996 -inf
-9.799995 -inf
-9.789995 -inf
-9.779995 -inf
-9.769995 -inf
-9.759995 -inf
-9.749994 -inf
-9.739994 -inf
-9.729994 -inf
-9.719994 -inf
-9.709993 -inf
-9.699993 -inf
-9.689993 -inf
-9.679993 -inf
-9.669992 -inf
-9.659992 -inf
-9.649992 -inf
-9.639992 -inf
-9.629992 -inf
-9.619991 -inf
-9.609991 -inf
-9.599991 -inf
-9.589991 -inf
-9.579990 -inf
-9.569990 -inf
-9.559990 -inf
-9.549990 -inf
-9.539989 -inf
-9.529989 -inf
-9.519989 -inf
-9.509989 -inf
-9.499989 -inf
-9.489988 -inf
-9.479988 -inf
-9.469988 -inf
-9.459988 -inf
-9.449987 -inf
-9.439987 -inf
-9.429987 -inf
-9.419987 -inf
-9.409986 -inf
-9.399986 -inf
-9.389986 -inf
-9.379986 -inf
-9.369986 -inf
-9.359985 -inf
-9.349985 -inf
-9.339985 -inf
-9.329985 -inf
-9.319984 -inf
-9.309984 -inf
-9.299984 -inf
-9.289984 -inf
-9.279984 -inf
-9.269983 -inf
-9.259983 -inf
-9.249983 -inf
-9.239983 -inf
-9.229982 -inf
-9.219982 -inf
-9.209982 -inf
-9.199982 -inf
-9.189981 -inf
-9.179981 -inf
-9.169981 -inf
-9.159981 -inf
-9.149981 -inf
-9.139980 -inf
-9.129980 -inf
-9.119980 -inf
-9.109980 -inf
-9.099979 -inf
-9.089979 -inf
-9.079979 -inf
-9.069979 -inf
-9.059978 -inf
-9.049978 -inf
-9.039978 -inf
-9.029978 -inf
-9.019978 -inf
-9.009977 -inf
-8.999977 -inf
-8.989977 -inf
-8.979977 -inf
-8.969976 -inf
-8.959976 -inf
-8.949976 -inf
-8.939976 -inf
-8.929976 -inf
-8.919975 -inf
-8.909975 -inf
-8.899975 -inf
-8.889975 -inf
-8.879974 -inf
-8.869974 -inf
-8.859974 -inf
-8.849974 -inf
-8.839973 -inf
-8.829973 -inf
-8.819973 -inf
-8.809973 -inf
-8.799973 -inf
-8.789972 -inf
-8.779972 -inf
-8.769972 -inf
-8.759972 -inf
-8.749971 -inf
-8.739971 -inf
-8.729971 -inf
-8.719971 -inf
-8.709970 -inf
-8.699970 -inf
-8.689970 -inf
-8.679970 -inf
-8.669970 -inf
-8.659969 -inf
-8.649969 -inf
-8.639969 -inf
-8.629969 -inf
-8.619968 -inf
-8.609968 -inf
-8.599968 -inf
-8.589968 -inf
-8.579967 -inf
-8.569967 -inf
-8.559967 -inf
-8.549967 -inf
-8.539967 -inf
-8.529966 -inf
-8.519966 -inf
-8.509966 -inf
-8.499966 -inf
-8.489965 -inf
-8.479965 -inf
-8.469965 -inf
-8.459965 -inf
-8.449965 -inf
-8.439964 -inf
-8.429964 -inf
-8.419964 -inf
-8.409964 -inf
-8.399963 -inf
-8.389963 -inf
-8.379963 -inf
-8.369963 -inf
-8.359962 -inf
-8.349962 -inf
-8.339962 -inf
-8.329962 -inf
-8.319962 -inf
-8.309961 -inf
-8.299961 -inf
-8.289961 -inf
-8.279961 -inf
-8.269960 -inf
-8.259960 -inf
-8.249960 -inf
-8.239960 -inf
-8.229959 -inf
-8.219959 -inf
-8.209959 -inf
-8.199959 -inf
-8.189959 -inf
-8.179958 -inf
-8.169958 -inf
-8.159958 -inf
-8.149958 -inf
-8.139957 -inf
-8.129957 -inf
-8.119957 -inf
-8.109957 -inf
-8.099957 -inf
-8.089956 -inf
-8.079956 -inf
-8.069956 -inf
-8.059956 -inf
-8.049955 -inf
-8.039955 -inf
-8.029955 -inf
-8.019955 -inf
-8.009954 -inf
-7.999954 -inf
-7.989954 -inf
-7.979954 -inf
-7.969954 -inf
-7.959953 -inf
-7.949953 -inf
-7.939953 -inf
-7.929953 -inf
-7.919952 -inf
-7.909952 -inf
-7.899952 -inf
-7.889952 -inf
-7.879951 -inf
-7.869951 -inf
-7.859951 -inf
-7.849951 -inf
-7.839951 -inf
-7.829950 -inf
-7.819950 -inf
-7.809950 -inf
-7.799950 -inf
-7.789949 -inf
-7.779949 -inf
-7.769949 -inf
-7.759949 -inf
-7.749949 -inf
-7.739948 -inf
-7.729948 -inf
-7.719948 -inf
-7.709948 -inf
-7.699947 -inf
-7.689947 -inf
-7.679947 -inf
-7.669947 -inf
-7.659946 -inf
-7.649946 -inf
-7.639946 -inf
-7.629946 -inf
-7.619946 -inf
-7.609945 -inf
-7.599945 -inf
-7.589945 -inf
-7.579945 -inf
-7.569944 -inf
-7.559944 -inf
-7.549944 -inf
-7.539944 -inf
-7.529943 -inf
-7.519943 -inf
-7.509943 -inf
-7.499943 -inf
-7.489943 -inf
-7.479942 -inf
-7.469942 -inf
-7.459942 -inf
-7.449942 -inf
-7.439941 -inf
-7.429941 -inf
-7.419941 -inf
-7.409941 -inf
-7.399940 -inf
-7.389940 -inf
-7.379940 -inf
-7.369940 -inf
-7.359940 -inf
-7.349939 -inf
-7.339939 -inf
-7.329939 -inf
-7.319939 -inf
-7.309938 -inf
-7.299938 -inf
-7.289938 -inf
-7.279938 -inf
-7.269938 -inf
-7.259937 -inf
-7.249937 -inf
-7.239937 -inf
-7.229937 -inf
-7.219936 -inf
-7.209936 -inf
-7.199936 -inf
-7.189936 -inf
-7.179935 -inf
-7.169935 -inf
-7.159935 -inf
-7.149935 -inf
-7.139935 -inf
-7.129934 -inf
-7.119934 -inf
-7.109934 -inf
-7.099934 -inf
-7.089933 -inf
-7.079933 -inf
-7.069933 -inf
-7.059933 -inf
-7.049932 -inf
-7.039932 -inf
-7.029932 -inf
-7.019932 -inf
-7.009932 -inf
-6.999931 -inf
-6.989931 -inf
-6.979931 -inf
-6.969931 -inf
-6.959930 -inf
-6.949930 -inf
-6.939930 -inf
-6.929930 -inf
-6.919930 -inf
-6.909929 -inf
-6.899929 -inf
-6.889929 -inf
-6.879929 -inf
-6.869928 -inf
-6.859928 -inf
-6.849928 -inf
-6.839928 -inf
-6.829927 -inf
-6.819927 -inf
-6.809927 -inf
-6.799927 -inf
-6.789927 -inf
-6.779926 -inf
-6.769926 -inf
-6.759926 -inf
-6.749926 -inf
-6.739925 -inf
-6.729925 -inf
-6.719925 -inf
-6.709925 -inf
-6.699924 -inf
-6.689924 -inf
-6.679924 -inf
-6.669924 -inf
-6.659924 -inf
-6.649923 -inf
-6.639923 -inf
-6.629923 -inf
-6.619923 -inf
-6.609922 -inf
-6.599922 -inf
-6.589922 -inf
-6.579922 -inf
-6.569921 -inf
-6.559921 -inf
-6.549921 -inf
-6.539921 -inf
-6.529921 -inf
-6.519920 -inf
-6.509920 -inf
-6.499920 -inf
-6.489920 -inf
-6.479919 -inf
-6.469919 -inf
-6.459919 -inf
-6.449919 -inf
-6.439919 -inf
-6.429918 -inf
-6.419918 -inf
-6.409918 -inf
-6.399918 -inf
-6.389917 -inf
-6.379917 -inf
-6.369917 -inf
-6.359917 -inf
-6.349916 -inf
-6.339916 -inf
-6.329916 -inf
-6.319916 -inf
-6.309916 -inf
-6.299915 -inf
-6.289915 -inf
-6.279915 -inf
-6.269915 -inf
-6.259914 -inf
-6.249914 -inf
-6.239914 -inf
-6.229914 -inf
-6.219913 -inf
-6.209913 -inf
-6.199913 -inf
-6.189913 -inf
-6.179913 -inf
-6.169912 -inf
-6.159912 -inf
-6.149912 -inf
-6.139912 -inf
-6.129911 -inf
-6.119911 -inf
-6.109911 -inf
-6.099911 -inf
-6.089911 -inf
-6.079910 -inf
-6.069910 -inf
-6.059910 -inf
-6.049910 -inf
-6.039909 -inf
-6.029909 -inf
-6.019909 -inf
-6.009909 -inf
-5.999908 -inf
-5.989908 -inf
-5.979908 -inf
-5.969908 -inf
-5.959908 -inf
-5.949907 -inf
-5.939907 -inf
-5.929907 -inf
-5.919907 -inf
-5.909906 -inf
-5.899906 -inf
-5.889906 -inf
-5.879906 -inf
-5.869905 -inf
-5.859905 -inf
-5.849905 -inf
-5.839905 -inf
-5.829905 -inf
-5.819904 -inf
-5.809904 -inf
-5.799904 -inf
-5.789904 -inf
-5.779903 -inf
-5.769903 -inf
-5.759903 -inf
-5.749903 -inf
-5.739902 -inf
-5.729902 -inf
-5.719902 -inf
-5.709902 -inf
-5.699902 -inf
-5.689901 -inf
-5.679901 -inf
-5.669901 -inf
-5.659901 -inf
-5.649900 -inf
-5.639900 -inf
-5.629900 -inf
-5.619900 -inf
-5.609900 -inf
-5.599899 -inf
-5.589899 -inf
-5.579899 -inf
-5.569899 -inf
-5.559898 -inf
-5.549898 -inf
-5.539898 -inf
-5.529898 -inf
-5.519897 -inf
-5.509897 -inf
-5.499897 -inf
-5.489897 -inf
-5.479897 -inf
-5.469896 -inf
-5.459896 -inf
-5.449896 -inf
-5.439896 -inf
-5.429895 -inf
-5.419895 -inf
-5.409895 -inf
-5.399895 -inf
-5.389894 -inf
-5.379894 -inf
-5.369894 -inf
-5.359894 -inf
-5.349894 -inf
-5.339893 -inf
-5.329893 -inf
-5.319893 -inf
-5.309893 -inf
-5.299892 -inf
-5.289892 -inf
-5.279892 -inf
-5.269892 -inf
-5.259892 -inf
-5.249891 -inf
-5.239891 -inf
-5.229891 -inf
-5.219891 -inf
-5.209890 -inf
-5.199890 -inf
-5.189890 -inf
-5.179890 -inf
-5.169889 -inf
-5.159889 -inf
-5.149889 -inf
-5.139889 -inf
-5.129889 -inf
-5.119888 -inf
-5.109888 -inf
-5.099888 -inf
-5.089888 -inf
-5.079887 -inf
-5.069887 -inf
-5.059887 -inf
-5.049887 -inf
-5.039886 -inf
-5.029886 -inf
-5.019886 -inf
-5.009886 -inf
-4.999886 -inf
-4.989885 -inf
-4.979885 -inf
-4.969885 -inf
-4.959885 -inf
-4.949884 -inf
-4.939884 -inf
-4.929884 -inf
-4.919884 -inf
-4.909883 -inf
-4.899883 -inf
-4.889883 -inf
-4.879883 -inf
-4.869883 -inf
-4.859882 -inf
-4.849882 -inf
-4.839882 -inf
-4.829882 -inf
-4.819881 -inf
-4.809881 -inf
-4.799881 -inf
-4.789881 -inf
-4.779881 -inf
-4.769880 -inf
-4.759880 -inf
-4.749880 -inf
-4.739880 -inf
-4.729879 -inf
-4.719879 -inf
-4.709879 -inf
-4.699879 -inf
-4.689878 -inf
-4.679878 -inf
-4.669878 -inf
-4.659878 -inf
-4.649878 -inf
-4.639877 -inf
-4.629877 -inf
-4.619877 -inf
-4.609877 -inf
-4.599876 -inf
-4.589876 -inf
-4.579876 -inf
-4.569876 -inf
-4.559875 -inf
-4.549875 -inf
-4.539875 -inf
-4.529875 -inf
-4.519875 -inf
-4.509874 -inf
-4.499874 -inf
-4.489874 -inf
-4.479874 -inf
-4.469873 -inf
-4.459873 -inf
-4.449873 -inf
-4.439873 -inf
-4.429873 -inf
-4.419872 -inf
-4.409872 -inf
-4.399872 -inf
-4.389872 -inf
-4.379871 -inf
-4.369871 -inf
-4.359871 -inf
-4.349871 -inf
-4.339870 -inf
-4.329870 -inf
-4.319870 -inf
-4.309870 -inf
-4.299870 -inf
-4.289869 -inf
-4.279869 -inf
-4.269869 -inf
-4.259869 -inf
-4.249868 -inf
-4.239868 -inf
-4.229868 -inf
-4.219868 -inf
-4.209867 -inf
-4.199867 -inf
-4.189867 -inf
-4.179867 -inf
-4.169867 -inf
-4.159866 -inf
-4.149866 -inf
-4.139866 -inf
-4.129866 -inf
-4.119865 -inf
-4.109865 -inf
-4.099865 -inf
-4.089865 -inf
-4.079865 -inf
-4.069864 -inf
-4.059864 -inf
-4.049864 -inf
-4.039864 -inf
-4.029863 -inf
-4.019863 -inf
-4.009863 -inf
-3.999863 -inf
-3.989863 -inf
-3.979863 -inf
-3.969863 -inf
-3.959863 -inf
-3.949863 -inf
-3.939863 -inf
-3.929863 -inf
-3.919863 -inf
-3.909863 -inf
-3.899863 -inf
-3.889863 -inf
-3.879863 -inf
-3.869863 -inf
-3.859863 -inf
-3.849863 -inf
-3.839863 -inf
-3.829863 -inf
-3.819863 -inf
-3.809863 -inf
-3.799863 -inf
-3.789863 -inf
-3.779863 -inf
-3.769863 -inf
-3.759863 -inf
-3.749863 -inf
-3.739863 -inf
-3.729863 -inf
-3.719863 -inf
-3.709863 -inf
-3.699863 -inf
-3.689863 -inf
-3.679863 -inf
-3.669863 -inf
-3.659863 -inf
-3.649863 -inf
-3.639863 -inf
-3.629863 -inf
-3.619863 -inf
-3.609863 -inf
-3.599863 -inf
-3.589863 -inf
-3.579863 -inf
-3.569863 -inf
-3.559863 -inf
-3.549863 -inf
-3.539863 -inf
-3.529863 -inf
-3.519863 -inf
-3.509863 -inf
-3.499863 -inf
-3.489863 -inf
-3.479863 -inf
-3.469863 -inf
-3.459863 -inf
-3.449863 -inf
-3.439863 -inf
-3.429863 -inf
-3.419863 -inf
-3.409863 -inf
-3.399863 -inf
-3.389863 -inf
-3.379864 -inf
-3.369864 -inf
-3.359864 -inf
-3.349864 -inf
-3.339864 -inf
-3.329864 -inf
-3.319864 -inf
-3.309864 -inf
-3.299864 -inf
-3.289864 -inf
-3.279864 -inf
-3.269864 -inf
-3.259864 -inf
-3.249864 -inf
-3.239864 -inf
-3.229864 -inf
-3.219864 -inf
-3.209864 -inf
-3.199864 -inf
-3.189864 -inf
-3.179864 -inf
-3.169864 -inf
-3.159864 -inf
-3.149864 -inf
-3.139864 -inf
-3.129864 -inf
-3.119864 -inf
-3.109864 -inf
-3.099864 -inf
-3.089864 -inf
-3.079864 -inf
-3.069864 -inf
-3.059864 -inf
-3.049864 -inf
-3.039864 -inf
-3.029864 -246950303546125241897107913285503549440.000000
-3.019864 -80810672170577254613784404683527290880.000000
-3.009864 -26735024971343007375116193889272201216.000000
-2.999864 -8941568093076951116670125803061641216.000000
-2.989864 -3022990471725662990107816571221049344.000000
-2.979864 -1033043492973815444116879788486950912.000000
-2.969864 -356802643390145444726617293319045120.000000
-2.959864 -124547245876601767113498643121831936.000000
-2.949864 -43934521704799088805296516288741376.000000
-2.939864 -15660752347685792401553980359966720.000000
-2.929864 -5640577229680770962916417394966528.000000
-2.919864 -2052617856648755108077901233258496.000000
-2.909864 -754633083182886569670138612678656.000000
-2.899864 -280269798979528118743762882002944.000000
-2.889864 -105147580443834771684411352023040.000000
-2.879864 -39845065877782657534666385391616.000000
-2.869864 -15250079376336112748373286584320.000000
-2.859864 -5894702349164908214485931524096.000000
-2.849864 -2300986895867296472694561701888.000000
-2.839864 -906982769076813696002122842112.000000
-2.829864 -360983171895675808923370127360.000000
-2.819864 -145060218021378969302168764416.000000
-2.809864 -58850981135488435189218017280.000000
-2.799864 -24103149784409225391335538688.000000
-2.789864 -9965046846596730089270935552.000000
-2.779864 -4158542783274380896287850496.000000
-2.769864 -1751581363876477717767520256.000000
-2.759864 -744591018619078876866805760.000000
-2.749864 -319429354403576708648140800.000000
-2.739864 -138284255284504614427164672.000000
-2.729864 -60406381449927988120387584.000000
-2.719864 -26624204168329069556924416.000000
-2.709864 -11839293284732481254195200.000000
-2.699864 -5311313951528713157869568.000000
-2.689864 -2403681657476887896653824.000000
-2.679864 -1097293114067160647335936.000000
-2.669864 -505255599602964239482880.000000
-2.659864 -234646727929242677411840.000000
-2.649864 -109901837102681224642560.000000
-2.639864 -51910452874509870432256.000000
-2.629864 -24725014155843155787776.000000
-2.619864 -11874701936082756304896.000000
-2.609864 -5750238788423109312512.000000
-2.599864 -2807364708142602518528.000000
-2.589864 -1381765727222191095808.000000
-2.579864 -685591696998888636416.000000
-2.569864 -342898340575339085824.000000
-2.559864 -172864971828338098176.000000
-2.549864 -87834204909909049344.000000
-2.539864 -44978896435851296768.000000
-2.529864 -23212174803048857600.000000
-2.519864 -12071420513608531968.000000
-2.509864 -6325721841792974848.000000
-2.499864 -3339987021450969088.000000
-2.489864 -1776790861837762560.000000
-2.479864 -952266886010109952.000000
-2.469864 -514145484122619904.000000
-2.459864 -279635648376209408.000000
-2.449864 -153197789776445440.000000
-2.439864 -84535736753192960.000000
-2.429864 -46981904221601792.000000
-2.419864 -26296495615508480.000000
-2.409864 -14822343381614592.000000
-2.399864 -8413224068186112.000000
-2.389864 -4808499355713536.000000
-2.379864 -2767152939532288.000000
-2.369864 -1603276797640704.000000
-2.359864 -935213492338688.000000
-2.349864 -549180758032384.000000
-2.339864 -324636680126464.000000
-2.329865 -193167110438912.000000
-2.319865 -115690505764864.000000
-2.309865 -69737597894656.000000
-2.299865 -42307453714432.000000
-2.289865 -25829937512448.000000
-2.279865 -15869471096832.000000
-2.269865 -9810935283712.000000
-2.259865 -6103002251264.000000
-2.249865 -3819778342912.000000
-2.239865 -2405308825600.000000
-2.229865 -1523765346304.000000
-2.219865 -971083808768.000000
-2.209865 -622534590464.000000
-2.199865 -401435066368.000000
-2.189865 -260368941056.000000
-2.179865 -169848717312.000000
-2.169865 -111432474624.000000
-2.159865 -73521618944.000000
-2.149865 -48780869632.000000
-2.139865 -32545632256.000000
-2.129865 -21833445376.000000
-2.119865 -14727057408.000000
-2.109865 -9987382272.000000
-2.099865 -6809375232.000000
-2.089865 -4667248128.000000
-2.079865 -3215811840.000000
-2.069865 -2227280128.000000
-2.059865 -1550571648.000000
-2.049865 -1084975872.000000
-2.039865 -763024064.000000
-2.029865 -539293184.000000
-2.019865 -383053088.000000
-2.009865 -273413024.000000
-1.999865 -196103216.000000
-1.989865 -141330064.000000
-1.979865 -102340592.000000
-1.969865 -74456760.000000
-1.959865 -54423020.000000
-1.949865 -39963448.000000
-1.939865 -29479808.000000
-1.929865 -21844772.000000
-1.919865 -16259655.000000
-1.909865 -12156151.000000
-1.899865 -9128129.000000
-1.889865 -6884122.500000
-1.879865 -5214068.500000
-1.869865 -3965944.250000
-1.859865 -3029274.500000
-1.849865 -2323450.250000
-1.839865 -1789416.750000
-1.829865 -1383737.750000
-1.819865 -1074338.500000
-1.809865 -837441.562500
-1.799865 -655352.500000
-1.789865 -514853.562500
-1.779865 -406033.656250
-1.769865 -321433.656250
-1.759865 -255418.968750
-1.749865 -203717.812500
-1.739865 -163079.984375
-1.729865 -131023.718750
-1.719865 -105647.375000
-1.709865 -85488.765625
-1.699865 -69419.750000
-1.689865 -56566.976562
-1.679865 -46252.062500
-1.669865 -37946.339844
-1.659865 -31236.468750
-1.649865 -25798.224609
-1.639865 -21376.486328
-1.629865 -17769.871094
-1.619865 -14818.924805
-1.609865 -12396.999023
-1.599865 -10403.205078
-1.589865 -8756.924805
-1.579865 -7393.557129
-1.569865 -6261.177734
-1.559865 -5317.934570
-1.549865 -4529.998047
-1.539865 -3869.946045
-1.529865 -3315.488770
-1.519865 -2848.458984
-1.509865 -2454.009521
-1.499865 -2119.974365
-1.489865 -1836.358032
-1.479865 -1594.927368
-1.469865 -1388.883423
-1.459865 -1212.597412
-1.449865 -1061.397827
-1.439865 -931.397888
-1.429865 -819.356323
-1.419865 -722.563232
-1.409865 -638.747986
-1.399865 -566.003601
-1.389865 -502.724518
-1.379865 -447.556335
-1.369865 -399.353607
-1.359865 -357.145782
-1.349865 -320.108459
-1.339865 -287.540100
-1.329865 -258.842316
-1.319865 -233.503723
-1.309865 -211.086380
-1.299865 -191.214493
-1.289865 -173.564941
-1.279866 -157.859329
-1.269866 -143.857391
-1.259866 -131.351334
-1.249866 -120.161140
-1.239866 -110.130531
-1.229866 -101.123611
-1.219866 -93.022003
-1.209866 -85.722404
-1.199866 -79.134499
-1.189866 -73.179199
-1.179866 -67.787140
-1.169866 -62.897366
-1.159866 -58.456238
-1.149866 -54.416470
-1.139866 -50.736317
-1.129866 -47.378864
-1.119866 -44.311420
-1.109866 -41.504990
-1.099866 -38.933807
-1.089866 -36.574963
-1.079866 -34.408043
-1.069866 -32.414829
-1.059866 -30.579056
-1.049866 -28.886160
-1.039866 -27.323101
-1.029866 -25.878180
-1.019866 -24.540884
-1.009866 -23.301762
-0.999866 -22.152298
-0.989866 -21.084818
-0.979866 -20.092388
-0.969866 -19.168745
-0.959866 -18.308214
-0.949866 -17.505661
-0.939866 -16.756418
-0.929866 -16.056255
-0.919866 -15.401321
-0.909866 -14.788110
-0.899866 -14.213428
-0.889866 -13.674358
-0.879866 -13.168242
-0.869866 -12.692644
-0.859866 -12.245337
-0.849866 -11.824281
-0.839866 -11.427604
-0.829866 -11.053586
-0.819866 -10.700649
-0.809866 -10.367341
-0.799866 -10.052323
-0.789866 -9.754364
-0.779866 -9.472326
-0.769866 -9.205158
-0.759866 -8.951891
-0.749866 -8.711626
-0.739866 -8.483533
-0.729866 -8.266840
-0.719866 -8.060833
-0.709866 -7.864850
-0.699866 -7.678273
-0.689866 -7.500530
-0.679866 -7.331087
-0.669866 -7.169447
-0.659866 -7.015148
-0.649866 -6.867757
-0.639866 -6.726872
-0.629866 -6.592114
-0.619866 -6.463133
-0.609866 -6.339598
-0.599866 -6.221200
-0.589866 -6.107650
-0.579866 -5.998677
-0.569866 -5.894027
-0.559866 -5.793459
-0.549866 -5.696749
-0.539866 -5.603687
-0.529866 -5.514074
-0.519866 -5.427722
-0.509866 -5.344455
-0.499866 -5.264108
-0.489866 -5.186523
-0.479866 -5.111555
-0.469866 -5.039062
-0.459866 -4.968913
-0.449866 -4.900985
-0.439866 -4.835159
-0.429866 -4.771325
-0.419866 -4.709379
-0.409866 -4.649220
-0.399866 -4.590755
-0.389866 -4.533895
-0.379866 -4.478556
-0.369866 -4.424659
-0.359866 -4.372128
-0.349866 -4.320893
-0.339866 -4.270885
-0.329866 -4.222041
-0.319866 -4.174301
-0.309866 -4.127608
-0.299866 -4.081907
-0.289866 -4.037148
-0.279866 -3.993283
-0.269866 -3.950265
-0.259866 -3.908052
-0.249866 -3.866604
-0.239866 -3.825882
-0.229866 -3.785851
-0.219866 -3.746476
-0.209866 -3.707726
-0.199866 -3.669570
-0.189866 -3.631981
-0.179866 -3.594933
-0.169866 -3.558401
-0.159866 -3.522362
-0.149866 -3.486796
-0.139866 -3.451681
-0.129866 -3.417001
-0.119866 -3.382737
-0.109866 -3.348875
-0.099866 -3.315400
-0.089866 -3.282299
-0.079866 -3.249559
-0.069866 -3.217171
-0.059866 -3.185125
-0.049866 -3.153412
-0.039866 -3.122023
-0.029866 -3.090953
-0.019866 -3.060196
-0.009866 -3.029746
0.000134 -2.999599
0.010134 -2.969753
0.020134 -2.940204
0.030134 -2.910950
0.040134 -2.881991
0.050134 -2.853325
0.060134 -2.824953
0.070134 -2.796875
0.080134 -2.769093
0.090134 -2.741608
0.100134 -2.714423
0.110134 -2.687539
0.120134 -2.660960
0.130134 -2.634690
0.140134 -2.608732
0.150134 -2.583091
0.160134 -2.557771
0.170134 -2.532778
0.180134 -2.508115
0.190134 -2.483790
0.200134 -2.459807
0.210134 -2.436173
0.220134 -2.412894
0.230134 -2.389977
0.240134 -2.367427
0.250134 -2.345253
0.260134 -2.323461
0.270134 -2.302058
0.280134 -2.281053
0.290134 -2.260452
0.300134 -2.240263
0.310134 -2.220495
0.320134 -2.201154
0.330134 -2.182252
0.340134 -2.163794
0.350134 -2.145790
0.360133 -2.128250
0.370133 -2.111181
0.380133 -2.094594
0.390133 -2.078497
0.400133 -2.062901
0.410133 -2.047815
0.420133 -2.033250
0.430133 -2.019216
0.440133 -2.005724
0.450133 -1.992786
0.460133 -1.980413
0.470133 -1.968617
0.480133 -1.957410
0.490133 -1.946805
0.500133 -1.936816
0.510133 -1.927457
0.520133 -1.918743
0.530133 -1.910688
0.540133 -1.903308
0.550133 -1.896621
0.560133 -1.890644
0.570133 -1.885396
0.580133 -1.880895
0.590133 -1.877164
0.600133 -1.874223
0.610133 -1.872096
0.620133 -1.870806
0.630133 -1.870381
0.640133 -1.870846
0.650133 -1.872233
0.660133 -1.874571
0.670133 -1.877893
0.680133 -1.882236
0.690133 -1.887636
0.700133 -1.894134
0.710133 -1.901773
0.720133 -1.910599
0.730133 -1.920660
0.740133 -1.932010
0.750133 -1.944705
0.760133 -1.958805
0.770133 -1.974377
0.780133 -1.991489
0.790133 -2.010217
0.800133 -2.030642
0.810133 -2.052851
0.820133 -2.076938
0.830133 -2.103004
0.840133 -2.131159
0.850133 -2.161522
0.860133 -2.194219
0.870133 -2.229388
0.880133 -2.267181
0.890133 -2.307759
0.900133 -2.351297
0.910133 -2.397988
0.920133 -2.448037
0.930133 -2.501672
0.940133 -2.559137
0.950133 -2.620701
0.960133 -2.686654
0.970133 -2.757316
0.980133 -2.833034
0.990133 -2.914188
1.000133 -3.001197
1.010133 -3.094515
1.020133 -3.194644
1.030133 -3.302135
1.040133 -3.417591
1.050133 -3.541679
1.060133 -3.675133
1.070133 -3.818763
1.080133 -3.973463
1.090133 -4.140222
1.100133 -4.320136
1.110133 -4.514420
1.120133 -4.724422
1.130133 -4.951644
1.140133 -5.197754
1.150133 -5.464615
1.160133 -5.754303
1.170133 -6.069143
1.180133 -6.411735
1.190133 -6.784996
1.200133 -7.192200
1.210133 -7.637032
1.220133 -8.123639
1.230133 -8.656703
1.240133 -9.241511
1.250133 -9.884052
1.260133 -10.591111
1.270133 -11.370397
1.280133 -12.230675
1.290133 -13.181938
1.300133 -14.235594
1.310133 -15.404684
1.320133 -16.704157
1.330133 -18.151169
1.340133 -19.765448
1.350133 -21.569731
1.360133 -23.590261
1.370133 -25.857405
1.380133 -28.406351
1.390133 -31.277977
1.400133 -34.519855
1.410133 -38.187477
1.420133 -42.345692
1.430133 -47.070473
1.440132 -52.451008
1.450132 -58.592220
1.460132 -65.617851
1.470132 -73.674156
1.480132 -82.934395
1.490132 -93.604332
1.500132 -105.928894
1.510132 -120.200348
1.520132 -136.768326
1.530132 -156.052094
1.540132 -178.555771
1.550132 -204.886978
1.560132 -235.780075
1.570132 -272.124939
1.580132 -315.002808
1.590132 -365.730927
1.600132 -425.918732
1.610132 -497.537903
1.620132 -583.010925
1.630132 -685.322815
1.640132 -808.162231
1.650132 -956.101196
1.660132 -1134.823242
1.670132 -1351.415527
1.680132 -1614.742432
1.690132 -1935.926147
1.700132 -2328.965332
1.710132 -2811.535645
1.720132 -3406.028809
1.730132 -4140.903320
1.740132 -5052.447754
1.750132 -6187.093750
1.760132 -7604.450195
1.770132 -9381.311523
1.780132 -11616.952148
1.790132 -14440.171875
1.800132 -18018.664062
1.810132 -22571.562500
1.820132 -28386.263672
1.830132 -35841.105469
1.840132 -45436.000000
1.850132 -57834.027344
1.860132 -73918.085938
1.870132 -94868.328125
1.880132 -122268.460938
1.890132 -158252.250000
1.900132 -205706.109375
1.910132 -268550.625000
1.920132 -352132.875000
1.930132 -463776.187500
1.940132 -613552.687500
1.950132 -815374.125000
1.960132 -1088538.875000
1.970132 -1459934.375000
1.980132 -1967186.500000
1.990132 -2663183.750000
2.000132 -3622617.250000
2.010132 -4951389.000000
2.020132 -6800447.000000
2.030132 -9385873.000000
2.040132 -13018466.000000
2.050132 -18147384.000000
2.060132 -25424868.000000
2.070132 -35802652.000000
2.080132 -50676324.000000
2.090132 -72102448.000000
2.100132 -103126832.000000
2.110132 -148283184.000000
2.120132 -214354512.000000
2.130132 -311541536.000000
2.140132 -455264736.000000
2.150132 -668958208.000000
2.160132 -988424128.000000
2.170132 -1468653952.000000
2.180132 -2194572800.000000
2.190132 -3298052096.000000
2.200132 -4984996352.000000
2.210132 -7578702336.000000
2.220132 -11589656576.000000
2.230132 -17828509696.000000
2.240132 -27589982208.000000
2.250132 -42953949184.000000
2.260132 -67281149952.000000
2.270132 -106034184192.000000
2.280132 -168145059840.000000
2.290132 -268306907136.000000
2.300132 -430836875264.000000
2.310132 -696227397632.000000
2.320132 -1132323667968.000000
2.330132 -1853512220672.000000
2.340132 -3053865664512.000000
2.350132 -5064754200576.000000
2.360132 -8455614627840.000000
2.370132 -14211337945088.000000
2.380132 -24046525743104.000000
2.390132 -40965855248384.000000
2.400132 -70269838295040.000000
2.410132 -121371875082240.000000
2.420132 -211103011307520.000000
2.430132 -369762760654848.000000
2.440132 -652273327800320.000000
2.450132 -1158881900232704.000000
2.460132 -2073849654935552.000000
2.470132 -3738260077543424.000000
2.480132 -6787996632219648.000000
2.490132 -12417076870250496.000000
2.500132 -22883826271256576.000000
2.510132 -42490854488670208.000000
2.520132 -79496133797216256.000000
2.530132 -149867128537743360.000000
2.540132 -284710152236433408.000000
2.550132 -545082408433614848.000000
2.560132 -1051745200533143552.000000
2.570132 -2045383135683674112.000000
2.580132 -4009418078952620032.000000
2.590132 -7922411187172540416.000000
2.600132 -15780825300050378752.000000
2.610132 -31690229688876138496.000000
2.620131 -64161068653008125952.000000
2.630131 -130977158819932536832.000000
2.640131 -269602960327326040064.000000
2.650131 -559611132431942287360.000000
2.660131 -1171408007021016907776.000000
2.670131 -2472964554510995292160.000000
2.680131 -5265543382126987051008.000000
2.690131 -11308681653615484469248.000000
2.700131 -24499221684925308600320.000000
2.710131 -53541701695539737788416.000000
2.720131 -118048317403838422188032.000000
2.730131 -262593238956137986916352.000000
2.740131 -589375058422089008545792.000000
2.750131 -1334789972042182507364352.000000
2.760131 -3050532879322577819926528.000000
2.770131 -7035724810911118897709056.000000
2.780131 -16377253431704775114620928.000000
2.790131 -38477016610624570698760192.000000
2.800131 -91247040921533181583163392.000000
2.810131 -218435090806983547410186240.000000
2.820131 -527887671252247034743226368.000000
2.830131 -1287969084952806475645845504.000000
2.840131 -3172806333816852431729852416.000000
2.850131 -7891972232802732743382269952.000000
2.860131 -19822614993226588488300756992.000000
2.870131 -50280499876722802180237557760.000000
2.880131 -128804576437857207151000289280.000000
2.890131 -333262200620457458290063835136.000000
2.900131 -870951490601836932593239457792.000000
2.910131 -2299244380414049436567869587456.000000
2.920131 -6131827104053219653958674415616.000000
2.930131 -16521087163565411975088148840448.000000
2.940131 -44974027963711651749432964153344.000000
2.950131 -123705791029332387228292462149632.000000
2.960131 -343838078025271737362033296801792.000000
2.970131 -965793931671465756698384915234816.000000
2.980131 -2741652497149909376981135253307392.000000
2.990131 -7866269626311956159157552837296128.000000
3.000131 -22813125474202616178402431340642304.000000
3.010131 -66879274867498840897568421709873152.000000
3.020131 -198207669077216806948740690733957120.000000
3.030131 -593885709951292676920576552200044544.000000
3.040131 -1799162394290998450492179208566996992.000000
3.050131 -5511306202684662470334747677665787904.000000
3.060131 -17072109811585684029244880352465387520.000000
3.070131 -53481073432305599433107803109618352128.000000
3.080131 -169443651111790047134137333796906729472.000000
3.090131 -inf
3.100131 -inf
3.110131 -inf
3.120131 -inf
3.130131 -inf
3.140131 -inf
3.150131 -inf
3.160131 -inf
3.170131 -inf
3.180131 -inf
3.190131 -inf
3.200131 -inf
3.210131 -inf
3.220131 -inf
3.230131 -inf
3.240131 -inf
3.250131 -inf
3.260131 -inf
3.270131 -inf
3.280131 -inf
3.290131 -inf
3.300131 -inf
3.310131 -inf
3.320131 -inf
3.330131 -inf
3.340131 -inf
3.350131 -inf
3.360131 -inf
3.370131 -inf
3.380131 -inf
3.390131 -inf
3.400131 -inf
3.410131 -inf
3.420131 -inf
3.430131 -inf
3.440131 -inf
3.450131 -inf
3.460131 -inf
3.470131 -inf
3.480131 -inf
3.490131 -inf
3.500131 -inf
3.510131 -inf
3.520131 -inf
3.530131 -inf
3.540131 -inf
3.550131 -inf
3.560131 -inf
3.570131 -inf
3.580131 -inf
3.590131 -inf
3.600131 -inf
3.610131 -inf
3.620131 -inf
3.630131 -inf
3.640131 -inf
3.650131 -inf
3.660131 -inf
3.670130 -inf
3.680130 -inf
3.690130 -inf
3.700130 -inf
3.710130 -inf
3.720130 -inf
3.730130 -inf
3.740130 -inf
3.750130 -inf
3.760130 -inf
3.770130 -inf
3.780130 -inf
3.790130 -inf
3.800130 -inf
3.810130 -inf
3.820130 -inf
3.830130 -inf
3.840130 -inf
3.850130 -inf
3.860130 -inf
3.870130 -inf
3.880130 -inf
3.890130 -inf
3.900130 -inf
3.910130 -inf
3.920130 -inf
3.930130 -inf
3.940130 -inf
3.950130 -inf
3.960130 -inf
3.970130 -inf
3.980130 -inf
3.990130 -inf
4.000130 -inf
4.010130 -inf
4.020131 -inf
4.030131 -inf
4.040131 -inf
4.050131 -inf
4.060132 -inf
4.070132 -inf
4.080132 -inf
4.090132 -inf
4.100132 -inf
4.110133 -inf
4.120133 -inf
4.130133 -inf
4.140133 -inf
4.150134 -inf
4.160134 -inf
4.170134 -inf
4.180134 -inf
4.190135 -inf
4.200135 -inf
4.210135 -inf
4.220135 -inf
4.230135 -inf
4.240136 -inf
4.250136 -inf
4.260136 -inf
4.270136 -inf
4.280137 -inf
4.290137 -inf
4.300137 -inf
4.310137 -inf
4.320138 -inf
4.330138 -inf
4.340138 -inf
4.350138 -inf
4.360138 -inf
4.370139 -inf
4.380139 -inf
4.390139 -inf
4.400139 -inf
4.410140 -inf
4.420140 -inf
4.430140 -inf
4.440140 -inf
4.450140 -inf
4.460141 -inf
4.470141 -inf
4.480141 -inf
4.490141 -inf
4.500142 -inf
4.510142 -inf
4.520142 -inf
4.530142 -inf
4.540143 -inf
4.550143 -inf
4.560143 -inf
4.570143 -inf
4.580143 -inf
4.590144 -inf
4.600144 -inf
4.610144 -inf
4.620144 -inf
4.630145 -inf
4.640145 -inf
4.650145 -inf
4.660145 -inf
4.670146 -inf
4.680146 -inf
4.690146 -inf
4.700146 -inf
4.710146 -inf
4.720147 -inf
4.730147 -inf
4.740147 -inf
4.750147 -inf
4.760148 -inf
4.770148 -inf
4.780148 -inf
4.790148 -inf
4.800148 -inf
4.810149 -inf
4.820149 -inf
4.830149 -inf
4.840149 -inf
4.850150 -inf
4.860150 -inf
4.870150 -inf
4.880150 -inf
4.890151 -inf
4.900151 -inf
4.910151 -inf
4.920151 -inf
4.930151 -inf
4.940152 -inf
4.950152 -inf
4.960152 -inf
4.970152 -inf
4.980153 -inf
4.990153 -inf
5.000153 -inf
5.010153 -inf
5.020154 -inf
5.030154 -inf
5.040154 -inf
5.050154 -inf
5.060154 -inf
5.070155 -inf
5.080155 -inf
5.090155 -inf
5.100155 -inf
5.110156 -inf
5.120156 -inf
5.130156 -inf
5.140156 -inf
5.150156 -inf
5.160157 -inf
5.170157 -inf
5.180157 -inf
5.190157 -inf
5.200158 -inf
5.210158 -inf
5.220158 -inf
5.230158 -inf
5.240159 -inf
5.250159 -inf
5.260159 -inf
5.270159 -inf
5.280159 -inf
5.290160 -inf
5.300160 -inf
5.310160 -inf
5.320160 -inf
5.330161 -inf
5.340161 -inf
5.350161 -inf
5.360161 -inf
5.370162 -inf
5.380162 -inf
5.390162 -inf
5.400162 -inf
5.410162 -inf
5.420163 -inf
5.430163 -inf
5.440163 -inf
5.450163 -inf
5.460164 -inf
5.470164 -inf
5.480164 -inf
5.490164 -inf
5.500165 -inf
5.510165 -inf
5.520165 -inf
5.530165 -inf
5.540165 -inf
5.550166 -inf
5.560166 -inf
5.570166 -inf
5.580166 -inf
5.590167 -inf
5.600167 -inf
5.610167 -inf
5.620167 -inf
5.630167 -inf
5.640168 -inf
5.650168 -inf
5.660168 -inf
5.670168 -inf
5.680169 -inf
5.690169 -inf
5.700169 -inf
5.710169 -inf
5.720170 -inf
5.730170 -inf
5.740170 -inf
5.750170 -inf
5.760170 -inf
5.770171 -inf
5.780171 -inf
5.790171 -inf
5.800171 -inf
5.810172 -inf
5.820172 -inf
5.830172 -inf
5.840172 -inf
5.850173 -inf
5.860173 -inf
5.870173 -inf
5.880173 -inf
5.890173 -inf
5.900174 -inf
5.910174 -inf
5.920174 -inf
5.930174 -inf
5.940175 -inf
5.950175 -inf
5.960175 -inf
5.970175 -inf
5.980175 -inf
5.990176 -inf
6.000176 -inf
6.010176 -inf
6.020176 -inf
6.030177 -inf
6.040177 -inf
6.050177 -inf
6.060177 -inf
6.070178 -inf
6.080178 -inf
6.090178 -inf
6.100178 -inf
6.110178 -inf
6.120179 -inf
6.130179 -inf
6.140179 -inf
6.150179 -inf
6.160180 -inf
6.170180 -inf
6.180180 -inf
6.190180 -inf
6.200181 -inf
6.210181 -inf
6.220181 -inf
6.230181 -inf
6.240181 -inf
6.250182 -inf
6.260182 -inf
6.270182 -inf
6.280182 -inf
6.290183 -inf
6.300183 -inf
6.310183 -inf
6.320183 -inf
6.330184 -inf
6.340184 -inf
6.350184 -inf
6.360184 -inf
6.370184 -inf
6.380185 -inf
6.390185 -inf
6.400185 -inf
6.410185 -inf
6.420186 -inf
6.430186 -inf
6.440186 -inf
6.450186 -inf
6.460186 -inf
6.470187 -inf
6.480187 -inf
6.490187 -inf
6.500187 -inf
6.510188 -inf
6.520188 -inf
6.530188 -inf
6.540188 -inf
6.550189 -inf
6.560189 -inf
6.570189 -inf
6.580189 -inf
6.590189 -inf
6.600190 -inf
6.610190 -inf
6.620190 -inf
6.630190 -inf
6.640191 -inf
6.650191 -inf
6.660191 -inf
6.670191 -inf
6.680192 -inf
6.690192 -inf
6.700192 -inf
6.710192 -inf
6.720192 -inf
6.730193 -inf
6.740193 -inf
6.750193 -inf
6.760193 -inf
6.770194 -inf
6.780194 -inf
6.790194 -inf
6.800194 -inf
6.810194 -inf
6.820195 -inf
6.830195 -inf
6.840195 -inf
6.850195 -inf
6.860196 -inf
6.870196 -inf
6.880196 -inf
6.890196 -inf
6.900197 -inf
6.910197 -inf
6.920197 -inf
6.930197 -inf
6.940197 -inf
6.950198 -inf
6.960198 -inf
6.970198 -inf
6.980198 -inf
6.990199 -inf
7.000199 -inf
7.010199 -inf
7.020199 -inf
7.030200 -inf
7.040200 -inf
7.050200 -inf
7.060200 -inf
7.070200 -inf
7.080201 -inf
7.090201 -inf
7.100201 -inf
7.110201 -inf
7.120202 -inf
7.130202 -inf
7.140202 -inf
7.150202 -inf
7.160203 -inf
7.170203 -inf
7.180203 -inf
7.190203 -inf
7.200203 -inf
7.210204 -inf
7.220204 -inf
7.230204 -inf
7.240204 -inf
7.250205 -inf
7.260205 -inf
7.270205 -inf
7.280205 -inf
7.290205 -inf
7.300206 -inf
7.310206 -inf
7.320206 -inf
7.330206 -inf
7.340207 -inf
7.350207 -inf
7.360207 -inf
7.370207 -inf
7.380208 -inf
7.390208 -inf
7.400208 -inf
7.410208 -inf
7.420208 -inf
7.430209 -inf
7.440209 -inf
7.450209 -inf
7.460209 -inf
7.470210 -inf
7.480210 -inf
7.490210 -inf
7.500210 -inf
7.510211 -inf
7.520211 -inf
7.530211 -inf
7.540211 -inf
7.550211 -inf
7.560212 -inf
7.570212 -inf
7.580212 -inf
7.590212 -inf
7.600213 -inf
7.610213 -inf
7.620213 -inf
7.630213 -inf
7.640213 -inf
7.650214 -inf
7.660214 -inf
7.670214 -inf
7.680214 -inf
7.690215 -inf
7.700215 -inf
7.710215 -inf
7.720215 -inf
7.730216 -inf
7.740216 -inf
7.750216 -inf
7.760216 -inf
7.770216 -inf
7.780217 -inf
7.790217 -inf
7.800217 -inf
7.810217 -inf
7.820218 -inf
7.830218 -inf
7.840218 -inf
7.850218 -inf
7.860219 -inf
7.870219 -inf
7.880219 -inf
7.890219 -inf
7.900219 -inf
7.910220 -inf
7.920220 -inf
7.930220 -inf
7.940220 -inf
7.950221 -inf
7.960221 -inf
7.970221 -inf
7.980221 -inf
7.990222 -inf
8.000221 -inf
8.010221 -inf
8.020222 -inf
8.030222 -inf
8.040222 -inf
8.050222 -inf
8.060223 -inf
8.070223 -inf
8.080223 -inf
8.090223 -inf
8.100224 -inf
8.110224 -inf
8.120224 -inf
8.130224 -inf
8.140224 -inf
8.150225 -inf
8.160225 -inf
8.170225 -inf
8.180225 -inf
8.190226 -inf
8.200226 -inf
8.210226 -inf
8.220226 -inf
8.230227 -inf
8.240227 -inf
8.250227 -inf
8.260227 -inf
8.270227 -inf
8.280228 -inf
8.290228 -inf
8.300228 -inf
8.310228 -inf
8.320229 -inf
8.330229 -inf
8.340229 -inf
8.350229 -inf
8.360229 -inf
8.370230 -inf
8.380230 -inf
8.390230 -inf
8.400230 -inf
8.410231 -inf
8.420231 -inf
8.430231 -inf
8.440231 -inf
8.450232 -inf
8.460232 -inf
8.470232 -inf
8.480232 -inf
8.490232 -inf
8.500233 -inf
8.510233 -inf
8.520233 -inf
8.530233 -inf
8.540234 -inf
8.550234 -inf
8.560234 -inf
8.570234 -inf
8.580235 -inf
8.590235 -inf
8.600235 -inf
8.610235 -inf
8.620235 -inf
8.630236 -inf
8.640236 -inf
8.650236 -inf
8.660236 -inf
8.670237 -inf
8.680237 -inf
8.690237 -inf
8.700237 -inf
8.710238 -inf
8.720238 -inf
8.730238 -inf
8.740238 -inf
8.750238 -inf
8.760239 -inf
8.770239 -inf
8.780239 -inf
8.790239 -inf
8.800240 -inf
8.810240 -inf
8.820240 -inf
8.830240 -inf
8.840240 -inf
8.850241 -inf
8.860241 -inf
8.870241 -inf
8.880241 -inf
8.890242 -inf
8.900242 -inf
8.910242 -inf
8.920242 -inf
8.930243 -inf
8.940243 -inf
8.950243 -inf
8.960243 -inf
8.970243 -inf
8.980244 -inf
8.990244 -inf
9.000244 -inf
9.010244 -inf
9.020245 -inf
9.030245 -inf
9.040245 -inf
9.050245 -inf
9.060246 -inf
9.070246 -inf
9.080246 -inf
9.090246 -inf
9.100246 -inf
9.110247 -inf
9.120247 -inf
9.130247 -inf
9.140247 -inf
9.150248 -inf
9.160248 -inf
9.170248 -inf
9.180248 -inf
9.190248 -inf
9.200249 -inf
9.210249 -inf
9.220249 -inf
9.230249 -inf
9.240250 -inf
9.250250 -inf
9.260250 -inf
9.270250 -inf
9.280251 -inf
9.290251 -inf
9.300251 -inf
9.310251 -inf
9.320251 -inf
9.330252 -inf
9.340252 -inf
9.350252 -inf
9.360252 -inf
9.370253 -inf
9.380253 -inf
9.390253 -inf
9.400253 -inf
9.410254 -inf
9.420254 -inf
9.430254 -inf
9.440254 -inf
9.450254 -inf
9.460255 -inf
9.470255 -inf
9.480255 -inf
9.490255 -inf
9.500256 -inf
9.510256 -inf
9.520256 -inf
9.530256 -inf
9.540257 -inf
9.550257 -inf
9.560257 -inf
9.570257 -inf
9.580257 -inf
9.590258 -inf
9.600258 -inf
9.610258 -inf
9.620258 -inf
9.630259 -inf
9.640259 -inf
9.650259 -inf
9.660259 -inf
9.670259 -inf
9.680260 -inf
9.690260 -inf
9.700260 -inf
9.710260 -inf
9.720261 -inf
9.730261 -inf
9.740261 -inf
9.750261 -inf
9.760262 -inf
9.770262 -inf
9.780262 -inf
9.790262 -inf
9.800262 -inf
9.810263 -inf
9.820263 -inf
9.830263 -inf
9.840263 -inf
9.850264 -inf
9.860264 -inf
9.870264 -inf
9.880264 -inf
9.890265 -inf
9.900265 -inf
9.910265 -inf
9.920265 -inf
9.930265 -inf
9.940266 -inf
9.950266 -inf
9.960266 -inf
9.970266 -inf
9.980267 -inf
9.990267 -inf
10.000267 -inf
