-10.000000 71.676666
-9.990000 71.530090
-9.980000 71.383667
-9.969999 71.237389
-9.959999 71.091270
-9.949999 70.945290
-9.939999 70.799469
-9.929998 70.653793
-9.919998 70.508270
-9.909998 70.362892
-9.899998 70.217667
-9.889997 70.072594
-9.879997 69.927673
-9.869997 69.782898
-9.859997 69.638275
-9.849997 69.493797
-9.839996 69.349472
-9.829996 69.205299
-9.819996 69.061279
-9.809996 68.917404
-9.799995 68.773682
-9.789995 68.630104
-9.779995 68.486679
-9.769995 68.343407
-9.759995 68.200287
-9.749994 68.057312
-9.739994 67.914490
-9.729994 67.771812
-9.719994 67.629295
-9.709993 67.486923
-9.699993 67.344696
-9.689993 67.202621
-9.679993 67.060699
-9.669992 66.918930
-9.659992 66.777306
-9.649992 66.635834
-9.639992 66.494514
-9.629992 66.353340
-9.619991 66.212318
-9.609991 66.071442
-9.599991 65.930725
-9.589991 65.790154
-9.579990 65.649727
-9.569990 65.509453
-9.559990 65.369331
-9.549990 65.229362
-9.539989 65.089539
-9.529989 64.949867
-9.519989 64.810349
-9.509989 64.670975
-9.499989 64.531754
-9.489988 64.392685
-9.479988 64.253761
-9.469988 64.114990
-9.459988 63.976368
-9.449987 63.837898
-9.439987 63.699577
-9.429987 63.561405
-9.419987 63.423386
-9.409986 63.285515
-9.399986 63.147797
-9.389986 63.010223
-9.379986 62.872803
-9.369986 62.735535
-9.359985 62.598415
-9.349985 62.461445
-9.339985 62.324623
-9.329985 62.187954
-9.319984 62.051434
-9.309984 61.915062
-9.299984 61.778843
-9.289984 61.642773
-9.279984 61.506855
-9.269983 61.371086
-9.259983 61.235466
-9.249983 61.099998
-9.239983 60.964676
-9.229982 60.829510
-9.219982 60.694489
-9.209982 60.559620
-9.199982 60.424900
-9.189981 60.290333
-9.179981 60.155914
-9.169981 60.021645
-9.159981 59.887527
-9.149981 59.753559
-9.139980 59.619740
-9.129980 59.486073
-9.119980 59.352554
-9.109980 59.219185
-9.099979 59.085968
-9.089979 58.952900
-9.079979 58.819984
-9.069979 58.687214
-9.059978 58.554596
-9.049978 58.422131
-9.039978 58.289814
-9.029978 58.157646
-9.019978 58.025627
-9.009977 57.893761
-8.999977 57.762043
-8.989977 57.630478
-8.979977 57.499062
-8.969976 57.367794
-8.959976 57.236679
-8.949976 57.105713
-8.939976 56.974895
-8.929976 56.844227
-8.919975 56.713711
-8.909975 56.583347
-8.899975 56.453129
-8.889975 56.323063
-8.879974 56.193150
-8.869974 56.063385
-8.859974 55.933769
-8.849974 55.804302
-8.839973 55.674988
-8.829973 55.545822
-8.819973 55.416805
-8.809973 55.287941
-8.799973 55.159225
-8.789972 55.030663
-8.779972 54.902248
-8.769972 54.773983
-8.759972 54.645866
-8.749971 54.517902
-8.739971 54.390091
-8.729971 54.262424
-8.719971 54.134911
-8.709970 54.007545
-8.699970 53.880333
-8.689970 53.753269
-8.679970 53.626358
-8.669970 53.499592
-8.659969 53.372978
-8.649969 53.246517
-8.639969 53.120201
-8.629969 52.994041
-8.619968 52.868027
-8.609968 52.742165
-8.599968 52.616451
-8.589968 52.490891
-8.579967 52.365475
-8.569967 52.240215
-8.559967 52.115101
-8.549967 51.990139
-8.539967 51.865330
-8.529966 51.740665
-8.519966 51.616154
-8.509966 51.491795
-8.499966 51.367580
-8.489965 51.243519
-8.479965 51.119610
-8.469965 50.995846
-8.459965 50.872238
-8.449965 50.748775
-8.439964 50.625465
-8.429964 50.502304
-8.419964 50.379295
-8.409964 50.256432
-8.399963 50.133724
-8.389963 50.011162
-8.379963 49.888752
-8.369963 49.766495
-8.359962 49.644382
-8.349962 49.522423
-8.339962 49.400616
-8.329962 49.278954
-8.319962 49.157448
-8.309961 49.036087
-8.299961 48.914879
-8.289961 48.793819
-8.279961 48.672909
-8.269960 48.552151
-8.259960 48.431545
-8.249960 48.311085
-8.239960 48.190777
-8.229959 48.070618
-8.219959 47.950611
-8.209959 47.830753
-8.199959 47.711044
-8.189959 47.591488
-8.179958 47.472080
-8.169958 47.352825
-8.159958 47.233719
-8.149958 47.114761
-8.139957 46.995953
-8.129957 46.877296
-8.119957 46.758789
-8.109957 46.640434
-8.099957 46.522228
-8.089956 46.404171
-8.079956 46.286266
-8.069956 46.168510
-8.059956 46.050903
-8.049955 45.933449
-8.039955 45.816143
-8.029955 45.698990
-8.019955 45.581985
-8.009954 45.465130
-7.999954 45.348423
-7.989954 45.231869
-7.979954 45.115467
-7.969954 44.999210
-7.959953 44.883106
-7.949953 44.767155
-7.939953 44.651348
-7.929953 44.535698
-7.919952 44.420193
-7.909952 44.304840
-7.899952 44.189636
-7.889952 44.074585
-7.879951 43.959682
-7.869951 43.844929
-7.859951 43.730324
-7.849951 43.615875
-7.839951 43.501572
-7.829950 43.387421
-7.819950 43.273418
-7.809950 43.159565
-7.799950 43.045864
-7.789949 42.932312
-7.779949 42.818913
-7.769949 42.705662
-7.759949 42.592560
-7.749949 42.479610
-7.739948 42.366810
-7.729948 42.254158
-7.719948 42.141659
-7.709948 42.029308
-7.699947 41.917110
-7.689947 41.805061
-7.679947 41.693161
-7.669947 41.581409
-7.659946 41.469810
-7.649946 41.358364
-7.639946 41.247066
-7.629946 41.135918
-7.619946 41.024918
-7.609945 40.914070
-7.599945 40.803371
-7.589945 40.692825
-7.579945 40.582428
-7.569944 40.472179
-7.559944 40.362083
-7.549944 40.252136
-7.539944 40.142338
-7.529943 40.032692
-7.519943 39.923195
-7.509943 39.813850
-7.499943 39.704655
-7.489943 39.595608
-7.479942 39.486713
-7.469942 39.377968
-7.459942 39.269371
-7.449942 39.160927
-7.439941 39.052631
-7.429941 38.944489
-7.419941 38.836494
-7.409941 38.728649
-7.399940 38.620953
-7.389940 38.513412
-7.379940 38.406017
-7.369940 38.298775
-7.359940 38.191681
-7.349939 38.084736
-7.339939 37.977943
-7.329939 37.871304
-7.319939 37.764809
-7.309938 37.658466
-7.299938 37.552277
-7.289938 37.446236
-7.279938 37.340343
-7.269938 37.234600
-7.259937 37.129009
-7.249937 37.023571
-7.239937 36.918278
-7.229937 36.813141
-7.219936 36.708149
-7.209936 36.603310
-7.199936 36.498619
-7.189936 36.394081
-7.179935 36.289692
-7.169935 36.185452
-7.159935 36.081364
-7.149935 35.977425
-7.139935 35.873638
-7.129934 35.770000
-7.119934 35.666512
-7.109934 35.563175
-7.099934 35.459988
-7.089933 35.356949
-7.079933 35.254063
-7.069933 35.151325
-7.059933 35.048740
-7.049932 34.946304
-7.039932 34.844017
-7.029932 34.741882
-7.019932 34.639896
-7.009932 34.538063
-6.999931 34.436378
-6.989931 34.334843
-6.979931 34.233459
-6.969931 34.132225
-6.959930 34.031139
-6.949930 33.930206
-6.939930 33.829426
-6.929930 33.728790
-6.919930 33.628307
-6.909929 33.527977
-6.899929 33.427795
-6.889929 33.327763
-6.879929 33.227879
-6.869928 33.128147
-6.859928 33.028568
-6.849928 32.929138
-6.839928 32.829857
-6.829927 32.730728
-6.819927 32.631748
-6.809927 32.532917
-6.799927 32.434238
-6.789927 32.335709
-6.779926 32.237331
-6.769926 32.139103
-6.759926 32.041023
-6.749926 31.943094
-6.739925 31.845318
-6.729925 31.747690
-6.719925 31.650213
-6.709925 31.552887
-6.699924 31.455709
-6.689924 31.358685
-6.679924 31.261808
-6.669924 31.165083
-6.659924 31.068508
-6.649923 30.972082
-6.639923 30.875809
-6.629923 30.779684
-6.619923 30.683710
-6.609922 30.587887
-6.599922 30.492212
-6.589922 30.396690
-6.579922 30.301317
-6.569921 30.206095
-6.559921 30.111023
-6.549921 30.016102
-6.539921 29.921329
-6.529921 29.826710
-6.519920 29.732239
-6.509920 29.637918
-6.499920 29.543749
-6.489920 29.449728
-6.479919 29.355860
-6.469919 29.262140
-6.459919 29.168571
-6.449919 29.075153
-6.439919 28.981886
-6.429918 28.888769
-6.419918 28.795801
-6.409918 28.702984
-6.399918 28.610317
-6.389917 28.517801
-6.379917 28.425436
-6.369917 28.333221
-6.359917 28.241156
-6.349916 28.149240
-6.339916 28.057476
-6.329916 27.965862
-6.319916 27.874399
-6.309916 27.783087
-6.299915 27.691923
-6.289915 27.600912
-6.279915 27.510050
-6.269915 27.419338
-6.259914 27.328777
-6.249914 27.238367
-6.239914 27.148106
-6.229914 27.057997
-6.219913 26.968037
-6.209913 26.878227
-6.199913 26.788568
-6.189913 26.699060
-6.179913 26.609703
-6.169912 26.520494
-6.159912 26.431438
-6.149912 26.342531
-6.139912 26.253775
-6.129911 26.165169
-6.119911 26.076714
-6.109911 25.988409
-6.099911 25.900255
-6.089911 25.812250
-6.079910 25.724398
-6.069910 25.636694
-6.059910 25.549141
-6.049910 25.461739
-6.039909 25.374487
-6.029909 25.287386
-6.019909 25.200436
-6.009909 25.113636
-5.999908 25.026985
-5.989908 24.940485
-5.979908 24.854137
-5.969908 24.767939
-5.959908 24.681890
-5.949907 24.595993
-5.939907 24.510246
-5.929907 24.424648
-5.919907 24.339203
-5.909906 24.253908
-5.899906 24.168762
-5.889906 24.083767
-5.879906 23.998924
-5.869905 23.914230
-5.859905 23.829687
-5.849905 23.745295
-5.839905 23.661053
-5.829905 23.576962
-5.819904 23.493021
-5.809904 23.409229
-5.799904 23.325590
-5.789904 23.242100
-5.779903 23.158762
-5.769903 23.075573
-5.759903 22.992537
-5.749903 22.909649
-5.739902 22.826912
-5.729902 22.744326
-5.719902 22.661890
-5.709902 22.579605
-5.699902 22.497471
-5.689901 22.415487
-5.679901 22.333654
-5.669901 22.251972
-5.659901 22.170439
-5.649900 22.089058
-5.639900 22.007828
-5.629900 21.926746
-5.619900 21.845818
-5.609900 21.765038
-5.599899 21.684410
-5.589899 21.603931
-5.579899 21.523605
-5.569899 21.443428
-5.559898 21.363403
-5.549898 21.283527
-5.539898 21.203802
-5.529898 21.124228
-5.519897 21.044806
-5.509897 20.965532
-5.499897 20.886410
-5.489897 20.807440
-5.479897 20.728619
-5.469896 20.649948
-5.459896 20.571428
-5.449896 20.493061
-5.439896 20.414843
-5.429895 20.336775
-5.419895 20.258858
-5.409895 20.181093
-5.399895 20.103477
-5.389894 20.026012
-5.379894 19.948698
-5.369894 19.871536
-5.359894 19.794523
-5.349894 19.717663
-5.339893 19.640951
-5.329893 19.564390
-5.319893 19.487982
-5.309893 19.411722
-5.299892 19.335615
-5.289892 19.259659
-5.279892 19.183851
-5.269892 19.108196
-5.259892 19.032692
-5.249891 18.957338
-5.239891 18.882135
-5.229891 18.807083
-5.219891 18.732182
-5.209890 18.657431
-5.199890 18.582830
-5.189890 18.508381
-5.179890 18.434082
-5.169889 18.359936
-5.159889 18.285938
-5.149889 18.212093
-5.139889 18.138399
-5.129889 18.064854
-5.119888 17.991461
-5.109888 17.918219
-5.099888 17.845127
-5.089888 17.772188
-5.079887 17.699398
-5.069887 17.626759
-5.059887 17.554272
-5.049887 17.481936
-5.039886 17.409748
-5.029886 17.337713
-5.019886 17.265831
-5.009886 17.194098
-4.999886 17.122515
-4.989885 17.051085
-4.979885 16.979803
-4.969885 16.908674
-4.959885 16.837696
-4.949884 16.766869
-4.939884 16.696194
-4.929884 16.625668
-4.919884 16.555294
-4.909883 16.485071
-4.899883 16.414999
-4.889883 16.345078
-4.879883 16.275309
-4.869883 16.205688
-4.859882 16.136221
-4.849882 16.066904
-4.839882 15.997739
-4.829882 15.928724
-4.819881 15.859861
-4.809881 15.791149
-4.799881 15.722588
-4.789881 15.654178
-4.779881 15.585918
-4.769880 15.517811
-4.759880 15.449855
-4.749880 15.382050
-4.739880 15.314395
-4.729879 15.246892
-4.719879 15.179541
-4.709879 15.112340
-4.699879 15.045290
-4.689878 14.978393
-4.679878 14.911645
-4.669878 14.845050
-4.659878 14.778605
-4.649878 14.712313
-4.639877 14.646171
-4.629877 14.580180
-4.619877 14.514341
-4.609877 14.448653
-4.599876 14.383117
-4.589876 14.317732
-4.579876 14.252498
-4.569876 14.187415
-4.559875 14.122484
-4.549875 14.057705
-4.539875 13.993076
-4.529875 13.928599
-4.519875 13.864274
-4.509874 13.800100
-4.499874 13.736077
-4.489874 13.672207
-4.479874 13.608487
-4.469873 13.544919
-4.459873 13.481503
-4.449873 13.418238
-4.439873 13.355124
-4.429873 13.292162
-4.419872 13.229352
-4.409872 13.166693
-4.399872 13.104186
-4.389872 13.041830
-4.379871 12.979627
-4.369871 12.917574
-4.359871 12.855674
-4.349871 12.793924
-4.339870 12.732327
-4.329870 12.670881
-4.319870 12.609588
-4.309870 12.548446
-4.299870 12.487455
-4.289869 12.426617
-4.279869 12.365930
-4.269869 12.305395
-4.259869 12.245011
-4.249868 12.184780
-4.239868 12.124701
-4.229868 12.064773
-4.219868 12.004997
-4.209867 11.945373
-4.199867 11.885900
-4.189867 11.826581
-4.179867 11.767412
-4.169867 11.708397
-4.159866 11.649532
-4.149866 11.590820
-4.139866 11.532260
-4.129866 11.473852
-4.119865 11.415596
-4.109865 11.357492
-4.099865 11.299541
-4.089865 11.241740
-4.079865 11.184093
-4.069864 11.126597
-4.059864 11.069255
-4.049864 11.012063
-4.039864 10.955025
-4.029863 10.898138
-4.019863 10.841404
-4.009863 10.784822
-3.999863 10.728395
-3.989863 10.672118
-3.979863 10.615994
-3.969863 10.560023
-3.959863 10.504205
-3.949863 10.448539
-3.939863 10.393025
-3.929863 10.337664
-3.919863 10.282455
-3.909863 10.227399
-3.899863 10.172495
-3.889863 10.117744
-3.879863 10.063146
-3.869863 10.008699
-3.859863 9.954407
-3.849863 9.900267
-3.839863 9.846278
-3.829863 9.792443
-3.819863 9.738762
-3.809863 9.685232
-3.799863 9.631856
-3.789863 9.578632
-3.779863 9.525561
-3.769863 9.472644
-3.759863 9.419879
-3.749863 9.367268
-3.739863 9.314809
-3.729863 9.262503
-3.719863 9.210350
-3.709863 9.158351
-3.699863 9.106504
-3.689863 9.054811
-3.679863 9.003271
-3.669863 8.951885
-3.659863 8.900652
-3.649863 8.849572
-3.639863 8.798645
-3.629863 8.747872
-3.619863 8.697252
-3.609863 8.646787
-3.599863 8.596474
-3.589863 8.546314
-3.579863 8.496309
-3.569863 8.446458
-3.559863 8.396759
-3.549863 8.347215
-3.539863 8.297824
-3.529863 8.248588
-3.519863 8.199505
-3.509863 8.150576
-3.499863 8.101801
-3.489863 8.053180
-3.479863 8.004713
-3.469863 7.956400
-3.459863 7.908241
-3.449863 7.860237
-3.439863 7.812386
-3.429863 7.764690
-3.419863 7.717148
-3.409863 7.669761
-3.399863 7.622528
-3.389863 7.575449
-3.379864 7.528526
-3.369864 7.481757
-3.359864 7.435142
-3.349864 7.388682
-3.339864 7.342377
-3.329864 7.296227
-3.319864 7.250231
-3.309864 7.204391
-3.299864 7.158705
-3.289864 7.113175
-3.279864 7.067800
-3.269864 7.022579
-3.259864 6.977514
-3.249864 6.932605
-3.239864 6.887851
-3.229864 6.843252
-3.219864 6.798809
-3.209864 6.754521
-3.199864 6.710389
-3.189864 6.666413
-3.179864 6.622592
-3.169864 6.578928
-3.159864 6.535419
-3.149864 6.492066
-3.139864 6.448870
-3.129864 6.405829
-3.119864 6.362945
-3.109864 6.320218
-3.099864 6.277646
-3.089864 6.235231
-3.079864 6.192973
-3.069864 6.150871
-3.059864 6.108926
-3.049864 6.067138
-3.039864 6.025507
-3.029864 5.984033
-3.019864 5.942716
-3.009864 5.901556
-2.999864 5.860554
-2.989864 5.819709
-2.979864 5.779021
-2.969864 5.738492
-2.959864 5.698119
-2.949864 5.657905
-2.939864 5.617848
-2.929864 5.577950
-2.919864 5.538210
-2.909864 5.498628
-2.899864 5.459204
-2.889864 5.419939
-2.879864 5.380832
-2.869864 5.341885
-2.859864 5.303095
-2.849864 5.264465
-2.839864 5.225995
-2.829864 5.187683
-2.819864 5.149530
-2.809864 5.111537
-2.799864 5.073704
-2.789864 5.036031
-2.779864 4.998518
-2.769864 4.961164
-2.759864 4.923971
-2.749864 4.886938
-2.739864 4.850065
-2.729864 4.813353
-2.719864 4.776802
-2.709864 4.740412
-2.699864 4.704183
-2.689864 4.668116
-2.679864 4.632209
-2.669864 4.596465
-2.659864 4.560882
-2.649864 4.525461
-2.639864 4.490202
-2.629864 4.455106
-2.619864 4.420173
-2.609864 4.385402
-2.599864 4.350793
-2.589864 4.316349
-2.579864 4.282067
-2.569864 4.247949
-2.559864 4.213995
-2.549864 4.180204
-2.539864 4.146578
-2.529864 4.113117
-2.519864 4.079820
-2.509864 4.046688
-2.499864 4.013721
-2.489864 3.980919
-2.479864 3.948283
-2.469864 3.915813
-2.459864 3.883508
-2.449864 3.851371
-2.439864 3.819400
-2.429864 3.787596
-2.419864 3.755959
-2.409864 3.724489
-2.399864 3.693188
-2.389864 3.662054
-2.379864 3.631089
-2.369864 3.600293
-2.359864 3.569665
-2.349864 3.539207
-2.339864 3.508919
-2.329865 3.478801
-2.319865 3.448853
-2.309865 3.419075
-2.299865 3.389469
-2.289865 3.360034
-2.279865 3.330772
-2.269865 3.301681
-2.259865 3.272763
-2.249865 3.244018
-2.239865 3.215446
-2.229865 3.187048
-2.219865 3.158825
-2.209865 3.130776
-2.199865 3.102902
-2.189865 3.075204
-2.179865 3.047682
-2.169865 3.020337
-2.159865 2.993168
-2.149865 2.966177
-2.139865 2.939365
-2.129865 2.912731
-2.119865 2.886276
-2.109865 2.860001
-2.099865 2.833905
-2.089865 2.807992
-2.079865 2.782259
-2.069865 2.756708
-2.059865 2.731340
-2.049865 2.706156
-2.039865 2.681155
-2.029865 2.656339
-2.019865 2.631709
-2.009865 2.607264
-1.999865 2.583007
-1.989865 2.558936
-1.979865 2.535054
-1.969865 2.511362
-1.959865 2.487859
-1.949865 2.464546
-1.939865 2.441425
-1.929865 2.418497
-1.919865 2.395761
-1.909865 2.373220
-1.899865 2.350874
-1.889865 2.328724
-1.879865 2.306772
-1.869865 2.285017
-1.859865 2.263461
-1.849865 2.242105
-1.839865 2.220951
-1.829865 2.199999
-1.819865 2.179250
-1.809865 2.158707
-1.799865 2.138369
-1.789865 2.118238
-1.779865 2.098316
-1.769865 2.078604
-1.759865 2.059102
-1.749865 2.039814
-1.739865 2.020739
-1.729865 2.001879
-1.719865 1.983237
-1.709865 1.964813
-1.699865 1.946610
-1.689865 1.928628
-1.679865 1.910870
-1.669865 1.893338
-1.659865 1.876032
-1.649865 1.858956
-1.639865 1.842110
-1.629865 1.825498
-1.619865 1.809120
-1.609865 1.792980
-1.599865 1.777079
-1.589865 1.761420
-1.579865 1.746004
-1.569865 1.730835
-1.559865 1.715914
-1.549865 1.701245
-1.539865 1.686830
-1.529865 1.672672
-1.519865 1.658773
-1.509865 1.645137
-1.499865 1.631766
-1.489865 1.618664
-1.479865 1.605833
-1.469865 1.593278
-1.459865 1.581001
-1.449865 1.569006
-1.439865 1.557297
-1.429865 1.545878
-1.419865 1.534752
-1.409865 1.523924
-1.399865 1.513398
-1.389865 1.503178
-1.379865 1.493268
-1.369865 1.483675
-1.359865 1.474401
-1.349865 1.465454
-1.339865 1.456836
-1.329865 1.448556
-1.319865 1.440616
-1.309865 1.433025
-1.299865 1.425788
-1.289865 1.418910
-1.279866 1.412400
-1.269866 1.406263
-1.259866 1.400507
-1.249866 1.395139
-1.239866 1.390167
-1.229866 1.385599
-1.219866 1.381443
-1.209866 1.377708
-1.199866 1.374403
-1.189866 1.371538
-1.179866 1.369122
-1.169866 1.367165
-1.159866 1.365679
-1.149866 1.364675
-1.139866 1.364164
-1.129866 1.364158
-1.119866 1.364671
-1.109866 1.365715
-1.099866 1.367305
-1.089866 1.369454
-1.079866 1.372179
-1.069866 1.375496
-1.059866 1.379420
-1.049866 1.383970
-1.039866 1.389164
-1.029866 1.395021
-1.019866 1.401561
-1.009866 1.408806
-0.999866 1.416779
-0.989866 1.425501
-0.979866 1.434999
-0.969866 1.445297
-0.959866 1.456424
-0.949866 1.468408
-0.939866 1.481279
-0.929866 1.495069
-0.919866 1.509812
-0.909866 1.525543
-0.899866 1.542300
-0.889866 1.560121
-0.879866 1.579050
-0.869866 1.599131
-0.859866 1.620409
-0.849866 1.642935
-0.839866 1.666762
-0.829866 1.691945
-0.819866 1.718543
-0.809866 1.746619
-0.799866 1.776241
-0.789866 1.807479
-0.779866 1.840408
-0.769866 1.875111
-0.759866 1.911671
-0.749866 1.950182
-0.739866 1.990741
-0.729866 2.033453
-0.719866 2.078430
-0.709866 2.125793
-0.699866 2.175668
-0.689866 2.228196
-0.679866 2.283523
-0.669866 2.341810
-0.659866 2.403228
-0.649866 2.467962
-0.639866 2.536211
-0.629866 2.608191
-0.619866 2.684134
-0.609866 2.764293
-0.599866 2.848942
-0.589866 2.938376
-0.579866 3.032919
-0.569866 3.132921
-0.559866 3.238765
-0.549866 3.350870
-0.539866 3.469692
-0.529866 3.595730
-0.519866 3.729535
-0.509866 3.871710
-0.499866 4.022919
-0.489866 4.183894
-0.479866 4.355445
-0.469866 4.538471
-0.459866 4.733965
-0.449866 4.943037
-0.439866 5.166919
-0.429866 5.406993
-0.419866 5.664805
-0.409866 5.942091
-0.399866 6.240810
-0.389866 6.563172
-0.379866 6.911683
-0.369866 7.289193
-0.359866 7.698953
-0.349866 8.144684
-0.339866 8.630665
-0.329866 9.161829
-0.319866 9.743897
-0.309866 10.383524
-0.299866 11.088495
-0.289866 11.867961
-0.279866 12.732733
-0.269866 13.695665
-0.259866 14.772131
-0.249866 15.980641
-0.239866 17.343643
-0.229866 18.888569
-0.219866 20.649231
-0.209866 22.667683
-0.199866 24.996759
-0.189866 27.703566
-0.179866 30.874361
-0.169866 34.621532
-0.159866 39.093685
-0.149866 44.490601
-0.139866 51.085964
-0.129866 59.262760
-0.119866 69.570145
-0.109866 82.818161
-0.099866 100.241905
-0.089866 123.800201
-0.079866 156.751282
-0.069866 204.843140
-0.059866 279.001495
-0.049866 402.131073
-0.039866 629.183105
-0.029866 1121.062744
-0.019866 2533.724854
-0.009866 10272.594727
0.000134 56047480.000000
0.010134 9738.114258
0.020134 2466.945312
0.030134 1101.293213
0.040134 620.861267
0.050134 397.889984
0.060134 276.567902
0.070134 203.332108
0.080134 155.761093
0.090134 123.127312
0.100134 99.774307
0.110134 82.490112
0.120134 69.340988
0.130134 59.106285
0.140134 50.984638
0.150134 44.432350
0.160134 39.069973
0.170134 34.626183
0.180134 30.902819
0.190134 27.752411
0.200134 25.063387
0.210134 22.750074
0.220134 20.745808
0.230134 18.998081
0.240134 17.465090
0.250134 16.113214
0.260134 14.915173
0.270134 13.848631
0.280134 12.895175
0.290134 12.039505
0.300134 11.268829
0.310134 10.572382
0.320134 9.941055
0.330134 9.367095
0.340134 8.843875
0.350134 8.365697
0.360133 7.927647
0.370133 7.525461
0.380133 7.155432
0.390133 6.814322
0.400133 6.499290
0.410133 6.207838
0.420133 5.937762
0.430133 5.687113
0.440133 5.454157
0.450133 5.237354
0.460133 5.035328
0.470133 4.846847
0.480133 4.670807
0.490133 4.506216
0.500133 4.352178
0.510133 4.207886
0.520133 4.072610
0.530133 3.945687
0.540133 3.826514
0.550133 3.714545
0.560133 3.609281
0.570133 3.510264
0.580133 3.417079
0.590133 3.329344
0.600133 3.246708
0.610133 3.168850
0.620133 3.095474
0.630133 3.026306
0.640133 2.961096
0.650133 2.899610
0.660133 2.841634
0.670133 2.786968
0.680133 2.735430
0.690133 2.686846
0.700133 2.641057
0.710133 2.597917
0.720133 2.557287
0.730133 2.519039
0.740133 2.483052
0.750133 2.449216
0.760133 2.417425
0.770133 2.387582
0.780133 2.359595
0.790133 2.333378
0.800133 2.308851
0.810133 2.285938
0.820133 2.264569
0.830133 2.244676
0.840133 2.226197
0.850133 2.209072
0.860133 2.193247
0.870133 2.178668
0.880133 2.165285
0.890133 2.153053
0.900133 2.141927
0.910133 2.131865
0.920133 2.122828
0.930133 2.114777
0.940133 2.107679
0.950133 2.101499
0.960133 2.096205
0.970133 2.091767
0.980133 2.088157
0.990133 2.085347
1.000133 2.083311
1.010133 2.082026
1.020133 2.081466
1.030133 2.081611
1.040133 2.082438
1.050133 2.083929
1.060133 2.086062
1.070133 2.088821
1.080133 2.092187
1.090133 2.096145
1.100133 2.100677
1.110133 2.105769
1.120133 2.111406
1.130133 2.117574
1.140133 2.124260
1.150133 2.131451
1.160133 2.139135
1.170133 2.147300
1.180133 2.155936
1.190133 2.165030
1.200133 2.174574
1.210133 2.184557
1.220133 2.194970
1.230133 2.205804
1.240133 2.217049
1.250133 2.228699
1.260133 2.240744
1.270133 2.253177
1.280133 2.265991
1.290133 2.279178
1.300133 2.292732
1.310133 2.306645
1.320133 2.320913
1.330133 2.335527
1.340133 2.350484
1.350133 2.365777
1.360133 2.381400
1.370133 2.397349
1.380133 2.413618
1.390133 2.430202
1.400133 2.447097
1.410133 2.464298
1.420133 2.481801
1.430133 2.499601
1.440132 2.517695
1.450132 2.536078
1.460132 2.554747
1.470132 2.573698
1.480132 2.592927
1.490132 2.612432
1.500132 2.632208
1.510132 2.652253
1.520132 2.672563
1.530132 2.693135
1.540132 2.713967
1.550132 2.735056
1.560132 2.756398
1.570132 2.777992
1.580132 2.799834
1.590132 2.821923
1.600132 2.844255
1.610132 2.866830
1.620132 2.889643
1.630132 2.912693
1.640132 2.935979
1.650132 2.959497
1.660132 2.983246
1.670132 3.007225
1.680132 3.031430
1.690132 3.055861
1.700132 3.080515
1.710132 3.105391
1.720132 3.130487
1.730132 3.155802
1.740132 3.181334
1.750132 3.207081
1.760132 3.233042
1.770132 3.259215
1.780132 3.285600
1.790132 3.312195
1.800132 3.338998
1.810132 3.366008
1.820132 3.393224
1.830132 3.420644
1.840132 3.448268
1.850132 3.476095
1.860132 3.504122
1.870132 3.532350
1.880132 3.560777
1.890132 3.589402
1.900132 3.618223
1.910132 3.647241
1.920132 3.676454
1.930132 3.705861
1.940132 3.735462
1.950132 3.765254
1.960132 3.795238
1.970132 3.825413
1.980132 3.855778
1.990132 3.886332
2.000132 3.917074
2.010132 3.948003
2.020132 3.979120
2.030132 4.010422
2.040132 4.041909
2.050132 4.073581
2.060132 4.105437
2.070132 4.137477
2.080132 4.169699
2.090132 4.202103
2.100132 4.234689
2.110132 4.267455
2.120132 4.300402
2.130132 4.333528
2.140132 4.366834
2.150132 4.400318
2.160132 4.433980
2.170132 4.467820
2.180132 4.501837
2.190132 4.536030
2.200132 4.570399
2.210132 4.604944
2.220132 4.639665
2.230132 4.674560
2.240132 4.709629
2.250132 4.744872
2.260132 4.780288
2.270132 4.815877
2.280132 4.851639
2.290132 4.887574
2.300132 4.923679
2.310132 4.959957
2.320132 4.996406
2.330132 5.033025
2.340132 5.069814
2.350132 5.106774
2.360132 5.143903
2.370132 5.181201
2.380132 5.218669
2.390132 5.256305
2.400132 5.294110
2.410132 5.332083
2.420132 5.370224
2.430132 5.408531
2.440132 5.447007
2.450132 5.485649
2.460132 5.524457
2.470132 5.563433
2.480132 5.602574
2.490132 5.641881
2.500132 5.681354
2.510132 5.720992
2.520132 5.760795
2.530132 5.800763
2.540132 5.840896
2.550132 5.881193
2.560132 5.921655
2.570132 5.962280
2.580132 6.003069
2.590132 6.044022
2.600132 6.085137
2.610132 6.126417
2.620131 6.167859
2.630131 6.209463
2.640131 6.251230
2.650131 6.293160
2.660131 6.335252
2.670131 6.377506
2.680131 6.419921
2.690131 6.462498
2.700131 6.505237
2.710131 6.548137
2.720131 6.591198
2.730131 6.634420
2.740131 6.677803
2.750131 6.721346
2.760131 6.765050
2.770131 6.808914
2.780131 6.852939
2.790131 6.897123
2.800131 6.941468
2.810131 6.985972
2.820131 7.030636
2.830131 7.075459
2.840131 7.120441
2.850131 7.165584
2.860131 7.210885
2.870131 7.256344
2.880131 7.301963
2.890131 7.347741
2.900131 7.393677
2.910131 7.439771
2.920131 7.486024
2.930131 7.532435
2.940131 7.579004
2.950131 7.625732
2.960131 7.672617
2.970131 7.719660
2.980131 7.766861
2.990131 7.814219
3.000131 7.861735
3.010131 7.909409
3.020131 7.957239
3.030131 8.005227
3.040131 8.053371
3.050131 8.101674
3.060131 8.150133
3.070131 8.198749
3.080131 8.247521
3.090131 8.296450
3.100131 8.345536
3.110131 8.394778
3.120131 8.444177
3.130131 8.493731
3.140131 8.543443
3.150131 8.593310
3.160131 8.643333
3.170131 8.693513
3.180131 8.743849
3.190131 8.794340
3.200131 8.844987
3.210131 8.895790
3.220131 8.946749
3.230131 8.997863
3.240131 9.049132
3.250131 9.100557
3.260131 9.152138
3.270131 9.203873
3.280131 9.255764
3.290131 9.307810
3.300131 9.360011
3.310131 9.412368
3.320131 9.464879
3.330131 9.517546
3.340131 9.570366
3.350131 9.623343
3.360131 9.676473
3.370131 9.729758
3.380131 9.783198
3.390131 9.836793
3.400131 9.890542
3.410131 9.944446
3.420131 9.998504
3.430131 10.052716
3.440131 10.107083
3.450131 10.161605
3.460131 10.216280
3.470131 10.271110
3.480131 10.326093
3.490131 10.381231
3.500131 10.436522
3.510131 10.491968
3.520131 10.547568
3.530131 10.603322
3.540131 10.659229
3.550131 10.715291
3.560131 10.771506
3.570131 10.827875
3.580131 10.884398
3.590131 10.941073
3.600131 10.997904
3.610131 11.054887
3.620131 11.112023
3.630131 11.169314
3.640131 11.226758
3.650131 11.284355
3.660131 11.342106
3.670130 11.400010
3.680130 11.458067
3.690130 11.516278
3.700130 11.574642
3.710130 11.633159
3.720130 11.691829
3.730130 11.750652
3.740130 11.809628
3.750130 11.868758
3.760130 11.928041
3.770130 11.987476
3.780130 12.047065
3.790130 12.106806
3.800130 12.166700
3.810130 12.226748
3.820130 12.286948
3.830130 12.347301
3.840130 12.407806
3.850130 12.468465
3.860130 12.529276
3.870130 12.590240
3.880130 12.651357
3.890130 12.712626
3.900130 12.774047
3.910130 12.835622
3.920130 12.897348
3.930130 12.959229
3.940130 13.021260
3.950130 13.083445
3.960130 13.145782
3.970130 13.208271
3.980130 13.270913
3.990130 13.333707
4.000130 13.396654
4.010130 13.459754
4.020131 13.523007
4.030131 13.586412
4.040131 13.649969
4.050131 13.713679
4.060132 13.777541
4.070132 13.841555
4.080132 13.905721
4.090132 13.970039
4.100132 14.034510
4.110133 14.099133
4.120133 14.163908
4.130133 14.228834
4.140133 14.293914
4.150134 14.359144
4.160134 14.424527
4.170134 14.490063
4.180134 14.555750
4.190135 14.621589
4.200135 14.687579
4.210135 14.753722
4.220135 14.820017
4.230135 14.886464
4.240136 14.953063
4.250136 15.019814
4.260136 15.086716
4.270136 15.153769
4.280137 15.220976
4.290137 15.288333
4.300137 15.355843
4.310137 15.423504
4.320138 15.491317
4.330138 15.559282
4.340138 15.627398
4.350138 15.695666
4.360138 15.764087
4.370139 15.832658
4.380139 15.901381
4.390139 15.970256
4.400139 16.039282
4.410140 16.108459
4.420140 16.177790
4.430140 16.247271
4.440140 16.316904
4.450140 16.386688
4.460141 16.456625
4.470141 16.526712
4.480141 16.596951
4.490141 16.667341
4.500142 16.737883
4.510142 16.808577
4.520142 16.879421
4.530142 16.950417
4.540143 17.021564
4.550143 17.092863
4.560143 17.164314
4.570143 17.235916
4.580143 17.307671
4.590144 17.379574
4.600144 17.451630
4.610144 17.523838
4.620144 17.596197
4.630145 17.668707
4.640145 17.741367
4.650145 17.814180
4.660145 17.887144
4.670146 17.960260
4.680146 18.033525
4.690146 18.106943
4.700146 18.180513
4.710146 18.254232
4.720147 18.328104
4.730147 18.402126
4.740147 18.476301
4.750147 18.550627
4.760148 18.625103
4.770148 18.699730
4.780148 18.774508
4.790148 18.849438
4.800148 18.924519
4.810149 18.999750
4.820149 19.075134
4.830149 19.150669
4.840149 19.226353
4.850150 19.302191
4.860150 19.378178
4.870150 19.454317
4.880150 19.530605
4.890151 19.607046
4.900151 19.683638
4.910151 19.760382
4.920151 19.837275
4.930151 19.914320
4.940152 19.991516
4.950152 20.068863
4.960152 20.146360
4.970152 20.224010
4.980153 20.301811
4.990153 20.379761
5.000153 20.457863
5.010153 20.536116
5.020154 20.614519
5.030154 20.693075
5.040154 20.771780
5.050154 20.850637
5.060154 20.929646
5.070155 21.008804
5.080155 21.088114
5.090155 21.167574
5.100155 21.247185
5.110156 21.326946
5.120156 21.406860
5.130156 21.486923
5.140156 21.567139
5.150156 21.647505
5.160157 21.728022
5.170157 21.808689
5.180157 21.889507
5.190157 21.970476
5.200158 22.051596
5.210158 22.132866
5.220158 22.214289
5.230158 22.295860
5.240159 22.377583
5.250159 22.459457
5.260159 22.541483
5.270159 22.623657
5.280159 22.705984
5.290160 22.788462
5.300160 22.871090
5.310160 22.953867
5.320160 23.036797
5.330161 23.119877
5.340161 23.203108
5.350161 23.286489
5.360161 23.370022
5.370162 23.453705
5.380162 23.537540
5.390162 23.621525
5.400162 23.705660
5.410162 23.789946
5.420163 23.874382
5.430163 23.958969
5.440163 24.043709
5.450163 24.128597
5.460164 24.213636
5.470164 24.298826
5.480164 24.384167
5.490164 24.469660
5.500165 24.555302
5.510165 24.641094
5.520165 24.727037
5.530165 24.813131
5.540165 24.899376
5.550166 24.985773
5.560166 25.072319
5.570166 25.159016
5.580166 25.245863
5.590167 25.332861
5.600167 25.420010
5.610167 25.507309
5.620167 25.594759
5.630167 25.682360
5.640168 25.770109
5.650168 25.858011
5.660168 25.946064
5.670168 26.034267
5.680169 26.122620
5.690169 26.211124
5.700169 26.299780
5.710169 26.388584
5.720170 26.477539
5.730170 26.566647
5.740170 26.655903
5.750170 26.745310
5.760170 26.834869
5.770171 26.924578
5.780171 27.014437
5.790171 27.104446
5.800171 27.194607
5.810172 27.284918
5.820172 27.375378
5.830172 27.465990
5.840172 27.556753
5.850173 27.647665
5.860173 27.738729
5.870173 27.829943
5.880173 27.921307
5.890173 28.012821
5.900174 28.104486
5.910174 28.196302
5.920174 28.288269
5.930174 28.380386
5.940175 28.472654
5.950175 28.565071
5.960175 28.657640
5.970175 28.750359
5.980175 28.843227
5.990176 28.936249
6.000176 29.029419
6.010176 29.122740
6.020176 29.216211
6.030177 29.309832
6.040177 29.403605
6.050177 29.497526
6.060177 29.591600
6.070178 29.685823
6.080178 29.780197
6.090178 29.874722
6.100178 29.969397
6.110178 30.064222
6.120179 30.159197
6.130179 30.254324
6.140179 30.349600
6.150179 30.445028
6.160180 30.540606
6.170180 30.636333
6.180180 30.732210
6.190180 30.828239
6.200181 30.924419
6.210181 31.020748
6.220181 31.117228
6.230181 31.213860
6.240181 31.310640
6.250182 31.407570
6.260182 31.504652
6.270182 31.601885
6.280182 31.699266
6.290183 31.796799
6.300183 31.894482
6.310183 31.992315
6.320183 32.090302
6.330184 32.188435
6.340184 32.286720
6.350184 32.385155
6.360184 32.483738
6.370184 32.582474
6.380185 32.681362
6.390185 32.780399
6.400185 32.879585
6.410185 32.978924
6.420186 33.078411
6.430186 33.178047
6.440186 33.277836
6.450186 33.377773
6.460186 33.477863
6.470187 33.578102
6.480187 33.678493
6.490187 33.779034
6.500187 33.879723
6.510188 33.980564
6.520188 34.081554
6.530188 34.182697
6.540188 34.283989
6.550189 34.385429
6.560189 34.487022
6.570189 34.588768
6.580189 34.690659
6.590189 34.792702
6.600190 34.894897
6.610190 34.997242
6.620190 35.099735
6.630190 35.202381
6.640191 35.305176
6.650191 35.408119
6.660191 35.511215
6.670191 35.614464
6.680192 35.717857
6.690192 35.821404
6.700192 35.925102
6.710192 36.028950
6.720192 36.132946
6.730193 36.237095
6.740193 36.341393
6.750193 36.445843
6.760193 36.550442
6.770194 36.655190
6.780194 36.760090
6.790194 36.865139
6.800194 36.970337
6.810194 37.075687
6.820195 37.181190
6.830195 37.286839
6.840195 37.392639
6.850195 37.498592
6.860196 37.604694
6.870196 37.710945
6.880196 37.817348
6.890196 37.923901
6.900197 38.030602
6.910197 38.137455
6.920197 38.244457
6.930197 38.351612
6.940197 38.458916
6.950198 38.566372
6.960198 38.673973
6.970198 38.781731
6.980198 38.889633
6.990199 38.997688
7.000199 39.105896
7.010199 39.214249
7.020199 39.322758
7.030200 39.431412
7.040200 39.540218
7.050200 39.649174
7.060200 39.758282
7.070200 39.867538
7.080201 39.976948
7.090201 40.086506
7.100201 40.196213
7.110201 40.306068
7.120202 40.416077
7.130202 40.526237
7.140202 40.636547
7.150202 40.747005
7.160203 40.857613
7.170203 40.968372
7.180203 41.079285
7.190203 41.190342
7.200203 41.301556
7.210204 41.412914
7.220204 41.524426
7.230204 41.636086
7.240204 41.747898
7.250205 41.859859
7.260205 41.971970
7.270205 42.084232
7.280205 42.196644
7.290205 42.309208
7.300206 42.421917
7.310206 42.534782
7.320206 42.647793
7.330206 42.760956
7.340207 42.874271
7.350207 42.987736
7.360207 43.101349
7.370207 43.215111
7.380208 43.329025
7.390208 43.443092
7.400208 43.557304
7.410208 43.671669
7.420208 43.786186
7.430209 43.900852
7.440209 44.015667
7.450209 44.130630
7.460209 44.245747
7.470210 44.361012
7.480210 44.476429
7.490210 44.591995
7.500210 44.707714
7.510211 44.823578
7.520211 44.939598
7.530211 45.055763
7.540211 45.172081
7.550211 45.288548
7.560212 45.405167
7.570212 45.521935
7.580212 45.638851
7.590212 45.755920
7.600213 45.873138
7.610213 45.990509
7.620213 46.108028
7.630213 46.225697
7.640213 46.343517
7.650214 46.461487
7.660214 46.579605
7.670214 46.697876
7.680214 46.816296
7.690215 46.934864
7.700215 47.053585
7.710215 47.172455
7.720215 47.291477
7.730216 47.410648
7.740216 47.529968
7.750216 47.649441
7.760216 47.769062
7.770216 47.888832
7.780217 48.008755
7.790217 48.128826
7.800217 48.249050
7.810217 48.369423
7.820218 48.489944
7.830218 48.610615
7.840218 48.731438
7.850218 48.852413
7.860219 48.973534
7.870219 49.094807
7.880219 49.216232
7.890219 49.337807
7.900219 49.459530
7.910220 49.581402
7.920220 49.703426
7.930220 49.825600
7.940220 49.947926
7.950221 50.070400
7.960221 50.193024
7.970221 50.315800
7.980221 50.438725
7.990222 50.561802
8.000221 50.685020
8.010221 50.808395
8.020222 50.931919
8.030222 51.055595
8.040222 51.179424
8.050222 51.303398
8.060223 51.427525
8.070223 51.551800
8.080223 51.676228
8.090223 51.800804
8.100224 51.925529
8.110224 52.050407
8.120224 52.175434
8.130224 52.300613
8.140224 52.425941
8.150225 52.551418
8.160225 52.677044
8.170225 52.802822
8.180225 52.928753
8.190226 53.054829
8.200226 53.181057
8.210226 53.307438
8.220226 53.433964
8.230227 53.560642
8.240227 53.687473
8.250227 53.814449
8.260227 53.941582
8.270227 54.068859
8.280228 54.196289
8.290228 54.323868
8.300228 54.451599
8.310228 54.579479
8.320229 54.707508
8.330229 54.835686
8.340229 54.964016
8.350229 55.092499
8.360229 55.221130
8.370230 55.349911
8.380230 55.478840
8.390230 55.607922
8.400230 55.737152
8.410231 55.866531
8.420231 55.996063
8.430231 56.125744
8.440231 56.255577
8.450232 56.385559
8.460232 56.515690
8.470232 56.645973
8.480232 56.776405
8.490232 56.906986
8.500233 57.037720
8.510233 57.168602
8.520233 57.299633
8.530233 57.430817
8.540234 57.562149
8.550234 57.693630
8.560234 57.825264
8.570234 57.957047
8.580235 58.088982
8.590235 58.221062
8.600235 58.353298
8.610235 58.485680
8.620235 58.618214
8.630236 58.750896
8.640236 58.883732
8.650236 59.016716
8.660236 59.149849
8.670237 59.283134
8.680237 59.416569
8.690237 59.550152
8.700237 59.683887
8.710238 59.817772
8.720238 59.951805
8.730238 60.085991
8.740238 60.220325
8.750238 60.354813
8.760239 60.489445
8.770239 60.624233
8.780239 60.759167
8.790239 60.894253
8.800240 61.029488
8.810240 61.164875
8.820240 61.300411
8.830240 61.436096
8.840240 61.571930
8.850241 61.707916
8.860241 61.844055
8.870241 61.980339
8.880241 62.116776
8.890242 62.253365
8.900242 62.390099
8.910242 62.526985
8.920242 62.664024
8.930243 62.801212
8.940243 62.938549
8.950243 63.076035
8.960243 63.213673
8.970243 63.351460
8.980244 63.489399
8.990244 63.627483
9.000244 63.765724
9.010244 63.904110
9.020245 64.042648
9.030245 64.181335
9.040245 64.320175
9.050245 64.459160
9.060246 64.598297
9.070246 64.737587
9.080246 64.877029
9.090246 65.016617
9.100246 65.156357
9.110247 65.296242
9.120247 65.436279
9.130247 65.576469
9.140247 65.716812
9.150248 65.857300
9.160248 65.997940
9.170248 66.138725
9.180248 66.279671
9.190248 66.420753
9.200249 66.561996
9.210249 66.703384
9.220249 66.844925
9.230249 66.986618
9.240250 67.128456
9.250250 67.270447
9.260250 67.412582
9.270250 67.554878
9.280251 67.697319
9.290251 67.839905
9.300251 67.982643
9.310251 68.125534
9.320251 68.268578
9.330252 68.411766
9.340252 68.555107
9.350252 68.698601
9.360252 68.842239
9.370253 68.986031
9.380253 69.129974
9.390253 69.274063
9.400253 69.418304
9.410254 69.562698
9.420254 69.707237
9.430254 69.851929
9.440254 69.996773
9.450254 70.141762
9.460255 70.286903
9.470255 70.432198
9.480255 70.577637
9.490255 70.723228
9.500256 70.868973
9.510256 71.014870
9.520256 71.160912
9.530256 71.307098
9.540257 71.453445
9.550257 71.599937
9.560257 71.746582
9.570257 71.893372
9.580257 72.040314
9.590258 72.187408
9.600258 72.334648
9.610258 72.482040
9.620258 72.629585
9.630259 72.777275
9.640259 72.925125
9.650259 73.073112
9.660259 73.221260
9.670259 73.369553
9.680260 73.517998
9.690260 73.666588
9.700260 73.815331
9.710260 73.964226
9.720261 74.113274
9.730261 74.262466
9.740261 74.411812
9.750261 74.561302
9.760262 74.710945
9.770262 74.860741
9.780262 75.010689
9.790262 75.160782
9.800262 75.311028
9.810263 75.461418
9.820263 75.611961
9.830263 75.762657
9.840263 75.913506
9.850264 76.064499
9.860264 76.215645
9.870264 76.366936
9.880264 76.518379
9.890265 76.669975
9.900265 76.821724
9.910265 76.973618
9.920265 77.125664
9.930265 77.277855
9.940266 77.430206
9.950266 77.582703
9.960266 77.735344
9.970266 77.888138
9.980267 78.041084
9.990267 78.194183
10.000267 78.347427
