-1.800000 98.402809
-1.750000 81.671257
-1.700000 67.538460
-1.650000 55.614399
-1.600000 45.566422
-1.550000 37.110832
-1.500000 30.005749
-1.450000 24.045071
-1.400000 19.053263
-1.350000 14.880851
-1.300000 11.400593
-1.250000 8.504242
-1.200001 6.099729
-1.150001 4.108768
-1.100001 2.464804
-1.050001 1.111258
-1.000001 0.000014
-0.950001 -0.909872
-0.900001 -1.653294
-0.850001 -2.260070
-0.800001 -2.755788
-0.750001 -3.162574
-0.700001 -3.499783
-0.650001 -3.784675
-0.600001 -4.033095
-0.550001 -4.260253
-0.500001 -4.481687
-0.450001 -4.714629
-0.400001 -4.980172
-0.350001 -5.307062
-0.300001 -5.739069
-0.250001 -6.350992
-0.200001 -7.288463
-0.150001 -8.887078
-0.100001 -12.148675
-0.050001 -22.074633
-0.000001 -1838601.000000
0.049999 18.075085
0.099999 8.149054
0.149999 4.888506
0.199999 3.292883
0.249999 2.361841
0.299999 1.761807
0.349999 1.349764
0.399999 1.054183
0.449999 0.835332
0.499999 0.669392
0.549999 0.541233
0.599999 0.440798
0.649999 0.361158
0.700000 0.297395
0.750000 0.245932
0.800000 0.204116
0.850000 0.169943
0.900000 0.141879
0.950000 0.118733
1.000000 0.099574
1.050000 0.083664
1.100000 0.070413
1.149999 0.059351
1.199999 0.050094
1.249999 0.042332
1.299999 0.035813
1.349999 0.030328
1.399999 0.025707
1.449999 0.021808
1.499999 0.018515
