0.000000 1.000000
0.050000 1.099875
0.100000 1.209313
0.150000 1.328886
0.200000 1.459126
0.250000 1.600503
0.300000 1.753404
0.350000 1.918115
0.400000 2.094784
0.450000 2.283409
0.500000 2.483797
0.550000 2.695546
0.600000 2.918020
0.650000 3.150318
0.700000 3.391268
0.750000 3.639403
0.800000 3.892963
0.850000 4.149892
0.900000 4.407853
0.950000 4.664250
1.000000 4.916261
1.050000 5.160880
1.100000 5.394975
1.150000 5.615353
1.200000 5.818830
1.250000 6.002311
1.300000 6.162872
1.350000 6.297843
1.400000 6.404886
1.450000 6.482067
1.500000 6.527919
1.550000 6.541494
1.600000 6.522394
1.649999 6.470788
1.699999 6.387416
1.749999 6.273563
1.799999 6.131027
1.849999 5.962062
1.899999 5.769316
1.949999 5.555747
1.999999 5.324547
2.049999 5.079047
2.099999 4.822633
2.149999 4.558663
2.199999 4.290385
2.249999 4.020875
2.299999 3.752974
2.349999 3.489248
2.399999 3.231953
2.449999 2.983018
2.499999 2.744036
2.549999 2.516266
2.599999 2.300650
2.649999 2.097829
2.699999 1.908171
2.749999 1.731798
2.799999 1.568624
2.849998 1.418383
2.899998 1.280664
2.949998 1.154941
2.999998 1.040603
3.049998 0.936979
3.099998 0.843362
3.149998 0.759029
3.199998 0.683255
3.249998 0.615331
3.299998 0.554568
3.349998 0.500311
3.399998 0.451941
3.449998 0.408880
3.499998 0.370590
3.549998 0.336579
3.599998 0.306396
3.649998 0.279631
3.699998 0.255916
3.749998 0.234916
3.799998 0.216335
3.849998 0.199907
3.899997 0.185395
3.949997 0.172590
3.999997 0.161309
4.049997 0.151389
4.099998 0.142686
4.149998 0.135078
4.199998 0.128456
4.249998 0.122725
4.299998 0.117807
4.349998 0.113630
4.399999 0.110138
4.449999 0.107281
4.499999 0.105020
4.549999 0.103322
4.599999 0.102163
4.650000 0.101526
4.700000 0.101400
4.750000 0.101782
4.800000 0.102672
4.850000 0.104081
4.900001 0.106022
4.950001 0.108517
5.000001 0.111596
5.050001 0.115292
5.100001 0.119650
5.150002 0.124720
5.200002 0.130564
5.250002 0.137250
5.300002 0.144858
5.350002 0.153482
5.400002 0.163223
5.450003 0.174200
5.500003 0.186545
5.550003 0.200406
5.600003 0.215949
5.650003 0.233358
5.700004 0.252837
5.750004 0.274611
5.800004 0.298928
5.850004 0.326060
5.900004 0.356301
5.950005 0.389972
6.000005 0.427416
6.050005 0.469001
6.100005 0.515117
6.150005 0.566172
6.200006 0.622593
6.250006 0.684819
6.300006 0.753291
6.350006 0.828452
6.400006 0.910732
6.450006 1.000541
6.500007 1.098253
6.550007 1.204191
6.600007 1.318617
6.650007 1.441707
6.700007 1.573533
6.750008 1.714050
6.800008 1.863069
6.850008 2.020239
6.900008 2.185034
6.950008 2.356732
7.000009 2.534405
7.050009 2.716913
7.100009 2.902896
7.150009 3.090787
7.200009 3.278813
7.250010 3.465022
7.300010 3.647306
7.350010 3.823437
7.400010 3.991110
7.450010 4.147989
7.500010 4.291769
7.550011 4.420227
7.600011 4.531284
7.650011 4.623070
7.700011 4.693970
7.750011 4.742686
7.800012 4.768270
7.850012 4.770163
7.900012 4.748213
7.950012 4.702686
8.000012 4.634256
8.050013 4.543991
8.100013 4.433319
8.150013 4.303987
8.200013 4.158010
8.250013 3.997611
8.300014 3.825158
8.350014 3.643104
8.400014 3.453917
8.450014 3.260027
8.500014 3.063766
8.550014 2.867323
8.600015 2.672709
8.650015 2.481721
8.700015 2.295925
8.750015 2.116647
8.800015 1.944965
8.850016 1.781720
8.900016 1.627522
8.950016 1.482770
9.000016 1.347669
9.050016 1.222256
9.100017 1.106420
9.150017 0.999928
9.200017 0.902450
9.250017 0.813580
9.300017 0.732854
9.350018 0.659773
9.400018 0.593816
9.450018 0.534454
9.500018 0.481159
9.550018 0.433420
9.600019 0.390742
9.650019 0.352655
9.700019 0.318717
9.750019 0.288516
9.800019 0.261672
9.850019 0.237835
9.900020 0.216687
9.950020 0.197939
10.000020 0.181331
