0.000000 1.000000
0.050000 1.459318
0.100000 2.022942
0.150000 2.641846
0.200000 3.243783
0.250000 3.763934
0.300000 4.169434
0.350000 4.460926
0.400000 4.658475
0.450000 4.787075
0.500000 4.868612
0.550000 4.919448
0.600000 4.950813
0.650000 4.970039
0.700000 4.981778
0.750000 4.988928
0.800000 4.993276
0.850000 4.995918
0.900000 4.997522
0.950000 4.998497
1.000000 4.999088
1.050000 4.999446
1.100000 4.999664
1.150000 4.999796
1.200000 4.999876
1.250000 4.999925
1.300000 4.999955
1.350000 4.999972
1.400000 4.999983
1.450000 4.999990
1.500000 4.999994
1.550000 4.999996
1.600000 4.999998
1.649999 4.999999
1.699999 4.999999
1.749999 5.000000
1.799999 5.000000
1.849999 5.000000
1.899999 5.000000
1.949999 5.000000
1.999999 5.000000
2.049999 5.000000
2.099999 5.000000
2.149999 5.000000
2.199999 5.000000
2.249999 5.000000
2.299999 5.000000
2.349999 5.000000
2.399999 5.000000
2.449999 5.000000
2.499999 5.000000
2.549999 5.000000
2.599999 5.000000
2.649999 5.000000
2.699999 5.000000
2.749999 5.000000
2.799999 5.000000
2.849998 5.000000
2.899998 5.000000
2.949998 5.000000
2.999998 5.000000
3.049998 5.000000
3.099998 5.000000
3.149998 5.000000
3.199998 5.000000
3.249998 5.000000
3.299998 5.000000
3.349998 5.000000
3.399998 5.000000
3.449998 5.000000
3.499998 5.000000
3.549998 5.000000
3.599998 5.000000
3.649998 5.000000
3.699998 5.000000
3.749998 5.000000
3.799998 5.000000
3.849998 5.000000
3.899997 5.000000
3.949997 5.000000
3.999997 5.000000
4.049997 5.000000
4.099998 5.000000
4.149998 5.000000
4.199998 5.000000
4.249998 5.000000
4.299998 5.000000
4.349998 5.000000
4.399999 5.000000
4.449999 5.000000
4.499999 5.000000
4.549999 5.000000
4.599999 5.000000
4.650000 5.000000
4.700000 5.000000
4.750000 5.000000
4.800000 5.000000
4.850000 5.000000
4.900001 5.000000
4.950001 5.000000
5.000001 5.000000
