-2.000000 8.000000
-1.900000 8.007763
-1.800000 8.032222
-1.700000 8.075441
-1.600000 8.140000
-1.500000 8.229167
-1.400000 8.347143
-1.300000 8.499423
-1.200000 8.693334
-1.100000 8.938864
-1.000000 9.250001
-0.900000 9.646946
-0.800000 10.160002
-0.700000 10.836788
-0.600000 11.756670
-0.500000 13.062505
-0.400000 15.040008
-0.300000 18.355846
-0.200000 25.010031
-0.100000 45.002625
0.000000 -12782636.000000
0.100000 -34.997375
0.200000 -14.989968
0.300000 -8.310820
0.400000 -4.959992
0.500000 -2.937495
0.600000 -1.576663
0.700000 -0.591783
0.800000 0.160002
0.900000 0.758058
1.000000 1.250002
1.100000 1.666138
1.200000 2.026668
1.300000 2.345578
1.400000 2.632858
1.500000 2.895834
1.600001 3.140001
1.700001 3.369560
1.800001 3.587779
1.900001 3.797238
2.000000 4.000001
