-2.000000 3.000000
-1.900000 3.007763
-1.800000 3.032222
-1.700000 3.075441
-1.600000 3.140000
-1.500000 3.229167
-1.400000 3.347143
-1.300000 3.499423
-1.200000 3.693334
-1.100000 3.938864
-1.000000 4.250001
-0.900000 4.646945
-0.800000 5.160002
-0.700000 5.836788
-0.600000 6.756670
-0.500000 8.062505
-0.400000 10.040008
-0.300000 13.355847
-0.200000 20.010031
-0.100000 40.002625
0.000000 -12782641.000000
0.100000 -39.997375
0.200000 -19.989969
0.300000 -13.310820
0.400000 -9.959992
0.500000 -7.937495
0.600000 -6.576663
0.700000 -5.591783
0.800000 -4.839998
0.900000 -4.241942
1.000000 -3.749998
1.100000 -3.333862
1.200000 -2.973332
1.300000 -2.654422
1.400000 -2.367142
1.500000 -2.104166
1.600001 -1.859999
1.700001 -1.630440
1.800001 -1.412221
1.900001 -1.202762
2.000000 -0.999999
