0.000000 0.500000
0.050000 0.574875
0.100000 0.653119
0.150000 0.734650
0.200000 0.819382
0.250000 0.907226
0.300000 0.998088
0.350000 1.091867
0.400000 1.188460
0.450000 1.287758
0.500000 1.389646
0.550000 1.494004
0.600000 1.600704
0.650000 1.709614
0.700000 1.820595
0.750000 1.933500
0.800000 2.048175
0.850000 2.164458
0.900000 2.282181
0.950000 2.401165
1.000000 2.521224
1.050000 2.642160
1.100000 2.763768
1.150000 2.885831
1.200000 3.008123
1.250000 3.130404
1.300000 3.252424
1.350000 3.373920
1.400000 3.494616
1.450000 3.614222
1.500000 3.732433
1.550000 3.848930
1.600000 3.963377
1.649999 4.075421
1.699999 4.184692
1.749999 4.290802
1.799999 4.393342
1.849999 4.491884
1.899999 4.585978
1.949999 4.675152
1.999999 4.758910
