0.000000 0.500000
0.050000 0.576864
0.100000 0.657415
0.150000 0.741583
0.200000 0.829299
0.250000 0.920487
0.300000 1.015071
0.350000 1.112966
0.400000 1.214088
0.450000 1.318344
0.500000 1.425640
0.550000 1.535874
0.600000 1.648941
0.650000 1.764730
0.700000 1.883124
0.750000 2.004000
0.800000 2.127230
0.850000 2.252677
0.900000 2.380199
0.950000 2.509646
1.000000 2.640859
1.050000 2.773675
1.100000 2.907917
1.150000 3.043403
1.200000 3.179941
1.250000 3.317328
1.300000 3.455351
1.350000 3.593787
1.400000 3.732399
1.450000 3.870942
1.500000 4.009154
1.550000 4.146764
1.600000 4.283483
1.649999 4.419009
1.699999 4.553025
1.749999 4.685197
1.799999 4.815175
1.849999 4.942588
1.899999 5.067051
1.949999 5.188154
1.999999 5.305470
